# Blender v2.76 (sub 0) OBJ File: 'DwarfSiege2.blend'
# www.blender.org
mtllib DwarfCannon.mtl
o DrawCall_0532.003_DrawCall_0532.048
v 0.613135 -0.537589 0.464663
v 0.646366 -0.537554 0.464674
v 0.613095 -0.451049 0.464165
v 0.646326 -0.451014 0.464177
v 0.613134 -0.613977 0.421683
v 0.646367 -0.613941 0.421694
v 0.613095 -0.659746 0.346741
v 0.646326 -0.659711 0.346753
v 0.613028 -0.662631 0.259921
v 0.646259 -0.662597 0.259931
v 0.612949 -0.621861 0.184482
v 0.646180 -0.621827 0.184496
v 0.612883 -0.548358 0.140642
v 0.646114 -0.548324 0.140654
v 0.612841 -0.461818 0.140147
v 0.646074 -0.461784 0.140158
v 0.612842 -0.385431 0.183127
v 0.646075 -0.385396 0.183138
v 0.612881 -0.339662 0.258066
v 0.646114 -0.339627 0.258080
v 0.612950 -0.336776 0.344888
v 0.646179 -0.336741 0.344900
v 0.613027 -0.377546 0.420323
v 0.646260 -0.377512 0.420339
v 0.646441 -0.557205 0.548836
v 0.646382 -0.425778 0.548084
v 0.646442 -0.673216 0.483565
v 0.646384 -0.742726 0.369751
v 0.646280 -0.747108 0.237896
v 0.646163 -0.685190 0.123328
v 0.646058 -0.573561 0.056746
v 0.645999 -0.442132 0.055992
v 0.645998 -0.326122 0.121267
v 0.646056 -0.256613 0.235082
v 0.646160 -0.252229 0.366936
v 0.646277 -0.314148 0.481505
v 0.613134 -0.613977 0.421683
v 0.613135 -0.537589 0.464663
v 0.613095 -0.451049 0.464165
v 0.612950 -0.336776 0.344888
v 0.612883 -0.548358 0.140642
v 0.613028 -0.662631 0.259921
v 0.613095 -0.659746 0.346741
v 0.612949 -0.621861 0.184482
v 0.612842 -0.385431 0.183127
v 0.612841 -0.461818 0.140147
v 0.612881 -0.339662 0.258066
v 0.613027 -0.377546 0.420323
v 0.498763 -0.425931 0.548036
v 0.646382 -0.425778 0.548084
v 0.498822 -0.557358 0.548788
v 0.646441 -0.557205 0.548836
v 0.498823 -0.673370 0.483515
v 0.646442 -0.673216 0.483565
v 0.498765 -0.742879 0.369701
v 0.646384 -0.742726 0.369751
v 0.498661 -0.747261 0.237844
v 0.646280 -0.747108 0.237896
v 0.498544 -0.685343 0.123276
v 0.646163 -0.685190 0.123328
v 0.498544 -0.685343 0.123276
v 0.646163 -0.685190 0.123328
v 0.498441 -0.573714 0.056696
v 0.646058 -0.573561 0.056746
v 0.498382 -0.442286 0.055942
v 0.645999 -0.442132 0.055992
v 0.498381 -0.326276 0.121217
v 0.645998 -0.326122 0.121267
v 0.498439 -0.256766 0.235031
v 0.646056 -0.256613 0.235082
v 0.498543 -0.252383 0.366886
v 0.646160 -0.252229 0.366936
v 0.498661 -0.314302 0.481452
v 0.646277 -0.314148 0.481505
v 0.498661 -0.314302 0.481452
v 0.646277 -0.314148 0.481505
v 0.498763 -0.425931 0.548036
v 0.498822 -0.557358 0.548788
v 0.498823 -0.673370 0.483515
v 0.498661 -0.747261 0.237844
v 0.498381 -0.326276 0.121217
v 0.498543 -0.252383 0.366886
v 0.498661 -0.314302 0.481452
v 0.498439 -0.256766 0.235031
v 0.498441 -0.573714 0.056696
v 0.498382 -0.442286 0.055942
v 0.498544 -0.685343 0.123276
v 0.498765 -0.742879 0.369701
v -0.607930 -0.612703 0.174125
v -0.641163 -0.612737 0.174116
v -0.607997 -0.535490 0.136983
v -0.641228 -0.535524 0.136971
v -0.607853 -0.659976 0.245531
v -0.641084 -0.660011 0.245519
v -0.607784 -0.664643 0.332063
v -0.641015 -0.664677 0.332053
v -0.607740 -0.625455 0.410542
v -0.640971 -0.625489 0.410528
v -0.607733 -0.552911 0.459934
v -0.640964 -0.552945 0.459924
v -0.607765 -0.466450 0.467003
v -0.640998 -0.466484 0.466994
v -0.607830 -0.389238 0.429865
v -0.641061 -0.389272 0.429851
v -0.607906 -0.341966 0.358459
v -0.641137 -0.341998 0.358448
v -0.607978 -0.337298 0.271925
v -0.641211 -0.337332 0.271914
v -0.608022 -0.376485 0.193446
v -0.641253 -0.376520 0.193434
v -0.608029 -0.449030 0.144056
v -0.641262 -0.449064 0.144047
v -0.641189 -0.670693 0.107790
v -0.641288 -0.553431 0.051380
v -0.641072 -0.742487 0.216230
v -0.640965 -0.749575 0.347650
v -0.640898 -0.690061 0.466835
v -0.640886 -0.579888 0.541847
v -0.640936 -0.448578 0.552587
v -0.641035 -0.331316 0.496177
v -0.641152 -0.259522 0.387737
v -0.641261 -0.252433 0.256315
v -0.641326 -0.311949 0.137134
v -0.641338 -0.422121 0.062122
v -0.607853 -0.659976 0.245531
v -0.607930 -0.612703 0.174125
v -0.607997 -0.535490 0.136983
v -0.608022 -0.376485 0.193446
v -0.607765 -0.466450 0.467003
v -0.607740 -0.625455 0.410542
v -0.607784 -0.664643 0.332063
v -0.607733 -0.552911 0.459934
v -0.607906 -0.341966 0.358459
v -0.607830 -0.389238 0.429865
v -0.607978 -0.337298 0.271925
v -0.608029 -0.449030 0.144056
v -0.493669 -0.553279 0.051432
v -0.641288 -0.553431 0.051380
v -0.493572 -0.670540 0.107838
v -0.641189 -0.670693 0.107790
v -0.493453 -0.742335 0.216280
v -0.641072 -0.742487 0.216230
v -0.493346 -0.749424 0.347698
v -0.640965 -0.749575 0.347650
v -0.493279 -0.689907 0.466885
v -0.640898 -0.690061 0.466835
v -0.493269 -0.579735 0.541895
v -0.640886 -0.579888 0.541847
v -0.493269 -0.579735 0.541895
v -0.640886 -0.579888 0.541847
v -0.493319 -0.448425 0.552637
v -0.640936 -0.448578 0.552587
v -0.493416 -0.331162 0.496229
v -0.641035 -0.331316 0.496177
v -0.493535 -0.259369 0.387789
v -0.641152 -0.259522 0.387737
v -0.493644 -0.252280 0.256367
v -0.641261 -0.252433 0.256315
v -0.493709 -0.311796 0.137181
v -0.641326 -0.311949 0.137134
v -0.493719 -0.421969 0.062171
v -0.641338 -0.422121 0.062122
v -0.493719 -0.421969 0.062171
v -0.641338 -0.422121 0.062122
v -0.493669 -0.553279 0.051432
v -0.493572 -0.670540 0.107838
v -0.493453 -0.742335 0.216280
v -0.493279 -0.689907 0.466885
v -0.493535 -0.259369 0.387789
v -0.493709 -0.311796 0.137181
v -0.493719 -0.421969 0.062171
v -0.493644 -0.252280 0.256367
v -0.493319 -0.448425 0.552637
v -0.493416 -0.331162 0.496229
v -0.493269 -0.579735 0.541895
v -0.493346 -0.749424 0.347698
v -0.640829 -0.563122 -1.399999
v -0.684270 -0.563167 -1.400013
v -0.640913 -0.462190 -1.448550
v -0.684353 -0.462235 -1.448566
v -0.640728 -0.624917 -1.306660
v -0.684169 -0.624962 -1.306676
v -0.640634 -0.631018 -1.193545
v -0.684074 -0.631063 -1.193559
v -0.640577 -0.579791 -1.090960
v -0.684016 -0.579837 -1.090976
v -0.640567 -0.484962 -1.026395
v -0.684007 -0.485008 -1.026411
v -0.640611 -0.371941 -1.017149
v -0.684052 -0.371986 -1.017163
v -0.640695 -0.271011 -1.065702
v -0.684135 -0.271056 -1.065718
v -0.640798 -0.209216 -1.159041
v -0.684236 -0.209260 -1.159057
v -0.640890 -0.203113 -1.272157
v -0.684330 -0.203159 -1.272173
v -0.640949 -0.254341 -1.374742
v -0.684387 -0.254386 -1.374758
v -0.640957 -0.349170 -1.439306
v -0.684398 -0.349214 -1.439320
v -0.684303 -0.638927 -1.486716
v -0.684433 -0.485643 -1.560451
v -0.684149 -0.732774 -1.344962
v -0.684010 -0.742042 -1.173169
v -0.683921 -0.664244 -1.017376
v -0.683907 -0.520227 -0.919320
v -0.683972 -0.348580 -0.905278
v -0.684100 -0.195296 -0.979016
v -0.684254 -0.101446 -1.120770
v -0.684395 -0.092181 -1.292560
v -0.684484 -0.169979 -1.448356
v -0.684498 -0.313996 -1.546412
v -0.640728 -0.624917 -1.306660
v -0.640829 -0.563122 -1.399999
v -0.640913 -0.462190 -1.448550
v -0.640949 -0.254341 -1.374742
v -0.640611 -0.371941 -1.017149
v -0.640577 -0.579791 -1.090960
v -0.640634 -0.631018 -1.193545
v -0.640567 -0.484962 -1.026395
v -0.640798 -0.209216 -1.159041
v -0.640695 -0.271011 -1.065702
v -0.640890 -0.203113 -1.272157
v -0.640957 -0.349170 -1.439306
v -0.491467 -0.485442 -1.560385
v -0.684433 -0.485643 -1.560451
v -0.491339 -0.638726 -1.486651
v -0.684303 -0.638927 -1.486716
v -0.491185 -0.732575 -1.344895
v -0.684149 -0.732774 -1.344962
v -0.491044 -0.741841 -1.173103
v -0.684010 -0.742042 -1.173169
v -0.490955 -0.664043 -1.017310
v -0.683921 -0.664244 -1.017376
v -0.490944 -0.520026 -0.919253
v -0.683907 -0.520227 -0.919320
v -0.490944 -0.520026 -0.919253
v -0.683907 -0.520227 -0.919320
v -0.491009 -0.348380 -0.905214
v -0.683972 -0.348580 -0.905278
v -0.491137 -0.195095 -0.978950
v -0.684100 -0.195296 -0.979016
v -0.491291 -0.101248 -1.120703
v -0.684254 -0.101446 -1.120770
v -0.491432 -0.091981 -1.292495
v -0.684395 -0.092181 -1.292560
v -0.491519 -0.169780 -1.448291
v -0.684484 -0.169979 -1.448356
v -0.491534 -0.313797 -1.546345
v -0.684498 -0.313996 -1.546412
v -0.491534 -0.313797 -1.546345
v -0.684498 -0.313996 -1.546412
v -0.491467 -0.485442 -1.560385
v -0.491339 -0.638726 -1.486651
v -0.491185 -0.732575 -1.344895
v -0.490955 -0.664043 -1.017310
v -0.491291 -0.101248 -1.120703
v -0.491519 -0.169780 -1.448291
v -0.491534 -0.313797 -1.546345
v -0.491432 -0.091981 -1.292495
v -0.491009 -0.348380 -0.905214
v -0.491137 -0.195095 -0.978950
v -0.490944 -0.520026 -0.919253
v -0.491044 -0.741841 -1.173103
v 0.646272 -0.465254 -1.020316
v 0.689712 -0.465209 -1.020300
v 0.646221 -0.352131 -1.020965
v 0.689661 -0.352085 -1.020949
v 0.646273 -0.565108 -1.076499
v 0.689713 -0.565063 -1.076486
v 0.646222 -0.624937 -1.174461
v 0.689660 -0.624891 -1.174447
v 0.646132 -0.628708 -1.287954
v 0.689573 -0.628663 -1.287938
v 0.646030 -0.575413 -1.386564
v 0.689471 -0.575369 -1.386548
v 0.645943 -0.479332 -1.443872
v 0.689384 -0.479286 -1.443858
v 0.645892 -0.366209 -1.444520
v 0.689331 -0.366164 -1.444506
v 0.645891 -0.266356 -1.388335
v 0.689331 -0.266310 -1.388321
v 0.645942 -0.206527 -1.290373
v 0.689382 -0.206481 -1.290362
v 0.646030 -0.202754 -1.176884
v 0.689470 -0.202709 -1.176868
v 0.646132 -0.256049 -1.078273
v 0.689572 -0.256004 -1.078257
v 0.689811 -0.490897 -0.910282
v 0.689734 -0.319097 -0.911266
v 0.689812 -0.642546 -0.995609
v 0.689733 -0.733407 -1.144384
v 0.689601 -0.739136 -1.316746
v 0.689446 -0.658197 -1.466506
v 0.689311 -0.512277 -1.553539
v 0.689231 -0.340475 -1.554525
v 0.689233 -0.188827 -1.469198
v 0.689310 -0.097965 -1.320423
v 0.689444 -0.092237 -1.148061
v 0.689599 -0.173175 -0.998301
v 0.646273 -0.565108 -1.076499
v 0.646272 -0.465254 -1.020316
v 0.646221 -0.352131 -1.020965
v 0.646030 -0.202754 -1.176884
v 0.645943 -0.479332 -1.443872
v 0.646132 -0.628708 -1.287954
v 0.646222 -0.624937 -1.174461
v 0.646030 -0.575413 -1.386564
v 0.645891 -0.266356 -1.388335
v 0.645892 -0.366209 -1.444520
v 0.645942 -0.206527 -1.290373
v 0.646132 -0.256049 -1.078273
v 0.496768 -0.319296 -0.911333
v 0.689734 -0.319097 -0.911266
v 0.496848 -0.491097 -0.910346
v 0.689811 -0.490897 -0.910282
v 0.496846 -0.642746 -0.995675
v 0.689812 -0.642546 -0.995609
v 0.496770 -0.733607 -1.144451
v 0.689733 -0.733407 -1.144384
v 0.496637 -0.739336 -1.316813
v 0.689601 -0.739136 -1.316746
v 0.496481 -0.658397 -1.466570
v 0.689446 -0.658197 -1.466506
v 0.496481 -0.658397 -1.466570
v 0.689446 -0.658197 -1.466506
v 0.496345 -0.512477 -1.553605
v 0.689311 -0.512277 -1.553539
v 0.496268 -0.340676 -1.554592
v 0.689231 -0.340475 -1.554525
v 0.496267 -0.189027 -1.469265
v 0.689233 -0.188827 -1.469198
v 0.496346 -0.098166 -1.320487
v 0.689310 -0.097965 -1.320423
v 0.496479 -0.092437 -1.148127
v 0.689444 -0.092237 -1.148061
v 0.496633 -0.173376 -0.998367
v 0.689599 -0.173175 -0.998301
v 0.496633 -0.173376 -0.998367
v 0.689599 -0.173175 -0.998301
v 0.496768 -0.319296 -0.911333
v 0.496848 -0.491097 -0.910346
v 0.496846 -0.642746 -0.995675
v 0.496637 -0.739336 -1.316813
v 0.496267 -0.189027 -1.469265
v 0.496479 -0.092437 -1.148127
v 0.496633 -0.173376 -0.998367
v 0.496346 -0.098166 -1.320487
v 0.496345 -0.512477 -1.553605
v 0.496268 -0.340676 -1.554592
v 0.496481 -0.658397 -1.466570
v 0.496770 -0.733607 -1.144451
v 0.638445 -0.477776 0.276258
v 0.638459 -0.518578 0.272922
v 0.638495 -0.533280 0.310726
v 0.638471 -0.467263 0.316128
v 0.638502 -0.501567 0.337430
v -0.628113 -0.479090 0.275826
v -0.628085 -0.468576 0.315695
v -0.628053 -0.502880 0.336997
v -0.628096 -0.519891 0.272488
v -0.628058 -0.534594 0.310295
v 0.638495 -0.533280 0.310726
v -0.628058 -0.534594 0.310295
v 0.638502 -0.501567 0.337430
v -0.628053 -0.502880 0.336997
v 0.638459 -0.518578 0.272922
v -0.628096 -0.519891 0.272488
v 0.638495 -0.533280 0.310726
v -0.628058 -0.534594 0.310295
v 0.638445 -0.477776 0.276258
v -0.628113 -0.479090 0.275826
v 0.638471 -0.467263 0.316128
v -0.628085 -0.468576 0.315695
v 0.638471 -0.467263 0.316128
v -0.628085 -0.468576 0.315695
v 0.308881 0.047911 -2.467032
v 0.338691 0.028520 -2.440573
v 0.356432 0.229848 -2.450101
v 0.390840 0.228061 -2.422008
v 0.308746 0.411688 -2.433207
v 0.338542 0.427491 -2.403476
v 0.178842 -0.085376 -2.479456
v 0.196071 -0.117663 -2.454201
v 0.001155 -0.134296 -2.484048
v 0.001190 -0.171317 -2.459239
v -0.176570 -0.085745 -2.479576
v -0.193729 -0.118066 -2.454334
v -0.306709 0.047272 -2.467241
v -0.336459 0.027820 -2.440804
v -0.354393 0.229111 -2.450343
v -0.388758 0.227252 -2.422274
v -0.306847 0.411049 -2.433414
v -0.336609 0.426791 -2.403704
v -0.176806 0.544335 -2.420992
v -0.193988 0.572974 -2.390076
v 0.000881 0.593257 -2.416398
v 0.000891 0.626628 -2.385043
v 0.178605 0.544704 -2.420867
v 0.195810 0.573378 -2.389946
v 0.662461 -0.393813 -1.258568
v 0.662477 -0.434615 -1.261906
v 0.662515 -0.449318 -1.224100
v 0.662489 -0.383300 -1.218698
v 0.662522 -0.417603 -1.197397
v -0.664596 -0.395188 -1.259019
v -0.664568 -0.384675 -1.219150
v -0.664537 -0.418979 -1.197850
v -0.664580 -0.435990 -1.262358
v -0.664544 -0.450693 -1.224552
v 0.662515 -0.449318 -1.224100
v -0.664544 -0.450693 -1.224552
v 0.662522 -0.417603 -1.197397
v -0.664537 -0.418979 -1.197850
v 0.662477 -0.434615 -1.261906
v -0.664580 -0.435990 -1.262358
v 0.662515 -0.449318 -1.224100
v -0.664544 -0.450693 -1.224552
v 0.662461 -0.393813 -1.258568
v -0.664596 -0.395188 -1.259019
v 0.662489 -0.383300 -1.218698
v -0.664568 -0.384675 -1.219150
v 0.662489 -0.383300 -1.218698
v -0.664568 -0.384675 -1.219150
v 0.496902 -0.130127 0.699082
v 0.274958 -0.130357 0.699008
v 0.496831 -0.066130 0.646532
v 0.274888 -0.066359 0.646457
v 0.496304 -0.031243 -0.000230
v 0.497080 -0.592784 0.661236
v 0.496831 -0.066130 0.646532
v 0.496902 -0.130127 0.699082
v 0.274360 -0.031472 -0.000306
v 0.496304 -0.031243 -0.000230
v 0.275136 -0.593014 0.661160
v 0.274360 -0.031472 -0.000306
v 0.274958 -0.130357 0.699008
v 0.274888 -0.066359 0.646457
v 0.497080 -0.592784 0.661236
v 0.495103 -0.462228 -1.759104
v 0.275136 -0.593014 0.661160
v 0.273159 -0.462458 -1.759180
v 0.496075 0.107163 -0.209241
v 0.495103 -0.462228 -1.759104
v 0.274360 -0.031472 -0.000306
v 0.274131 0.106932 -0.209318
v 0.496304 -0.031243 -0.000230
v 0.496075 0.107163 -0.209241
v 0.273159 -0.462458 -1.759180
v 0.274131 0.106932 -0.209318
v 0.272895 0.134599 -1.754614
v 0.494838 0.134829 -1.754542
v 0.272920 0.186931 -1.692361
v 0.494866 0.187160 -1.692285
v 0.273159 -0.462458 -1.759180
v 0.495103 -0.462228 -1.759104
v 0.273104 -0.409406 -1.799115
v 0.495050 -0.409176 -1.799039
v 0.274131 0.106932 -0.209318
v 0.496075 0.107163 -0.209241
v 0.275136 -0.593014 0.661160
v 0.497080 -0.592784 0.661236
v 0.494866 0.187160 -1.692285
v 0.494838 0.134829 -1.754542
v 0.495050 -0.409176 -1.799039
v 0.273104 -0.409406 -1.799115
v 0.272920 0.186931 -1.692361
v 0.272895 0.134599 -1.754614
v 0.274286 -0.086113 -1.592207
v -0.268409 -0.086677 -1.592392
v 0.274372 -0.313431 -1.610803
v -0.268322 -0.313994 -1.610988
v -0.266649 -0.203044 0.564919
v 0.276047 -0.202481 0.565104
v -0.266561 -0.430363 0.546327
v 0.276134 -0.429799 0.546512
v -0.266561 -0.430363 0.546327
v 0.276134 -0.429799 0.546512
v -0.268322 -0.313994 -1.610988
v 0.274372 -0.313431 -1.610803
v 0.274286 -0.086113 -1.592207
v 0.276047 -0.202481 0.565104
v -0.268409 -0.086677 -1.592392
v -0.266649 -0.203044 0.564919
v -0.265937 -0.130918 0.698821
v -0.487883 -0.131148 0.698747
v -0.266010 -0.066920 0.646271
v -0.487953 -0.067151 0.646197
v -0.266537 -0.032033 -0.000490
v -0.265761 -0.593574 0.660978
v -0.266010 -0.066920 0.646271
v -0.265937 -0.130918 0.698821
v -0.488481 -0.032264 -0.000565
v -0.266537 -0.032033 -0.000490
v -0.487705 -0.593805 0.660901
v -0.488481 -0.032264 -0.000565
v -0.487883 -0.131148 0.698747
v -0.487953 -0.067151 0.646197
v -0.265761 -0.593574 0.660978
v -0.267736 -0.463019 -1.759362
v -0.487705 -0.593805 0.660901
v -0.489682 -0.463249 -1.759441
v -0.266766 0.106372 -0.209500
v -0.267736 -0.463019 -1.759362
v -0.488481 -0.032264 -0.000565
v -0.488708 0.106142 -0.209576
v -0.266537 -0.032033 -0.000490
v -0.266766 0.106372 -0.209500
v -0.489682 -0.463249 -1.759441
v -0.488708 0.106142 -0.209576
v -0.489946 0.133807 -1.754877
v -0.268003 0.134038 -1.754801
v -0.489919 0.186139 -1.692624
v -0.267975 0.186368 -1.692547
v -0.489682 -0.463249 -1.759441
v -0.267736 -0.463019 -1.759362
v -0.489735 -0.410198 -1.799374
v -0.267793 -0.409967 -1.799299
v -0.488708 0.106142 -0.209576
v -0.266766 0.106372 -0.209500
v -0.487705 -0.593805 0.660901
v -0.265761 -0.593574 0.660978
v -0.267975 0.186368 -1.692547
v -0.268003 0.134038 -1.754801
v -0.267793 -0.409967 -1.799299
v -0.489735 -0.410198 -1.799374
v -0.489919 0.186139 -1.692624
v -0.489946 0.133807 -1.754877
v 0.258851 0.054639 -2.112043
v 0.260486 -0.044964 -0.570927
v 0.298622 0.206837 -2.097878
v 0.300396 0.107454 -0.556738
v 0.150067 -0.056866 -2.122444
v 0.151519 -0.156576 -0.581336
v 0.001423 -0.097791 -2.126285
v 0.002688 -0.197531 -0.585179
v -0.147254 -0.057173 -2.122543
v -0.146172 -0.156884 -0.581438
v 0.001423 -0.097791 -2.126285
v 0.002688 -0.197531 -0.585179
v -0.256122 0.054104 -2.112219
v -0.255224 -0.045499 -0.571102
v -0.296007 0.206221 -2.098079
v -0.295248 0.106836 -0.556941
v -0.256227 0.358416 -2.083912
v -0.255468 0.259331 -0.542752
v -0.147446 0.469911 -2.073515
v -0.146501 0.371096 -0.532328
v 0.001193 0.510831 -2.069672
v 0.002458 0.412128 -0.528475
v 0.149862 0.470218 -2.073414
v 0.151449 0.371405 -0.532225
v 0.258727 0.358950 -2.083735
v 0.260501 0.259865 -0.542573
v 0.164205 0.498253 -2.112863
v 0.163810 0.501209 -2.163947
v 0.283548 0.376182 -2.124181
v 0.282948 0.379434 -2.175242
v 0.001147 0.542822 -2.108758
v 0.001106 0.545657 -2.159854
v -0.161874 0.497915 -2.112975
v -0.161562 0.500870 -2.164057
v -0.281125 0.375596 -2.124375
v -0.280609 0.378850 -2.175431
v -0.324654 0.208707 -2.139899
v -0.324140 0.212290 -2.190928
v -0.280849 0.041997 -2.155388
v -0.280485 0.045822 -2.206394
v -0.161506 -0.079894 -2.166691
v -0.161346 -0.075952 -2.217686
v 0.001399 -0.124373 -2.170787
v 0.001355 -0.120401 -2.221778
v 0.164270 -0.079556 -2.166582
v 0.164026 -0.075615 -2.217575
v 0.001399 -0.124373 -2.170787
v 0.001355 -0.120401 -2.221778
v 0.283521 0.042584 -2.155195
v 0.283072 0.046406 -2.206201
v 0.327201 0.209383 -2.139681
v 0.326602 0.212964 -2.190706
v 0.149862 0.470218 -2.073414
v 0.164205 0.498253 -2.112863
v 0.258727 0.358950 -2.083735
v 0.283548 0.376182 -2.124181
v 0.001193 0.510831 -2.069672
v 0.001147 0.542822 -2.108758
v -0.147446 0.469911 -2.073515
v -0.161874 0.497915 -2.112975
v -0.256227 0.358416 -2.083912
v -0.281125 0.375596 -2.124375
v -0.296007 0.206221 -2.098079
v -0.324654 0.208707 -2.139899
v -0.256122 0.054104 -2.112219
v -0.280849 0.041997 -2.155388
v -0.147254 -0.057173 -2.122543
v -0.161506 -0.079894 -2.166691
v 0.001423 -0.097791 -2.126285
v 0.001399 -0.124373 -2.170787
v 0.150067 -0.056866 -2.122444
v 0.164270 -0.079556 -2.166582
v 0.001423 -0.097791 -2.126285
v 0.001399 -0.124373 -2.170787
v 0.258851 0.054639 -2.112043
v 0.283521 0.042584 -2.155195
v 0.298622 0.206837 -2.097878
v 0.327201 0.209383 -2.139681
v 0.286244 -0.062998 -0.525249
v 0.287628 -0.075609 -0.345098
v 0.330024 0.104620 -0.509679
v 0.331626 0.092743 -0.329461
v 0.166448 -0.185811 -0.536679
v 0.167302 -0.198941 -0.356577
v 0.002739 -0.230891 -0.540904
v 0.002886 -0.244209 -0.360818
v -0.161005 -0.186150 -0.536790
v -0.161562 -0.199282 -0.356690
v 0.002739 -0.230891 -0.540904
v 0.002886 -0.244209 -0.360818
v -0.280895 -0.063588 -0.525441
v -0.281982 -0.076199 -0.345292
v -0.324802 0.103941 -0.509901
v -0.326105 0.092060 -0.329686
v -0.280978 0.271535 -0.494332
v -0.282109 0.260409 -0.314045
v -0.161182 0.394298 -0.482908
v -0.161782 0.383742 -0.302566
v 0.002485 0.439354 -0.478684
v 0.002634 0.429011 -0.298325
v 0.166190 0.394638 -0.482796
v 0.167084 0.384082 -0.302454
v 0.286075 0.272122 -0.494138
v 0.287502 0.261001 -0.313852
v 0.338691 0.028520 -2.440573
v 0.338763 0.022813 -2.352527
v 0.390840 0.228061 -2.422008
v 0.390912 0.222354 -2.333960
v 0.196071 -0.117663 -2.454201
v 0.196143 -0.123370 -2.366155
v 0.001190 -0.171317 -2.459239
v 0.001264 -0.177022 -2.371190
v -0.193729 -0.118066 -2.454334
v -0.193657 -0.123774 -2.366283
v 0.001190 -0.171317 -2.459239
v 0.001264 -0.177022 -2.371190
v -0.336459 0.027820 -2.440804
v -0.336387 0.022113 -2.352757
v -0.388758 0.227252 -2.422274
v -0.388685 0.221545 -2.334223
v -0.336609 0.426791 -2.403704
v -0.336537 0.421086 -2.315660
v -0.193988 0.572974 -2.390076
v -0.193916 0.567268 -2.302032
v 0.000891 0.626628 -2.385043
v 0.000963 0.620921 -2.296994
v 0.195810 0.573378 -2.389946
v 0.195882 0.567672 -2.301897
v 0.338542 0.427491 -2.403476
v 0.338614 0.421787 -2.315427
v 0.338763 0.022813 -2.352527
v 0.318513 0.032179 -2.311458
v 0.390912 0.222354 -2.333960
v 0.367526 0.219731 -2.294007
v 0.196143 -0.123370 -2.366155
v 0.184458 -0.105222 -2.324260
v 0.001264 -0.177022 -2.371190
v 0.001287 -0.155652 -2.328996
v -0.193657 -0.123774 -2.366283
v -0.181922 -0.105601 -2.324385
v 0.001264 -0.177022 -2.371190
v 0.001287 -0.155652 -2.328996
v -0.336387 0.022113 -2.352757
v -0.316078 0.031521 -2.311671
v -0.388685 0.221545 -2.334223
v -0.365234 0.218971 -2.294257
v -0.336537 0.421086 -2.315660
v -0.316218 0.406524 -2.276809
v -0.193916 0.567268 -2.302032
v -0.182166 0.543923 -2.264000
v 0.000963 0.620921 -2.296994
v 0.001005 0.594354 -2.259268
v 0.195882 0.567672 -2.301897
v 0.184215 0.544304 -2.263877
v 0.338614 0.421787 -2.315427
v 0.318370 0.407182 -2.276591
v 0.318513 0.032179 -2.311458
v 0.318569 0.027588 -2.240670
v 0.367526 0.219731 -2.294007
v 0.367583 0.215141 -2.223221
v 0.184458 -0.105222 -2.324260
v 0.184516 -0.109812 -2.253477
v 0.001287 -0.155652 -2.328996
v 0.001345 -0.160243 -2.258209
v -0.181922 -0.105601 -2.324385
v -0.181864 -0.110190 -2.253600
v 0.001287 -0.155652 -2.328996
v 0.001345 -0.160243 -2.258209
v -0.316078 0.031521 -2.311671
v -0.316019 0.026929 -2.240884
v -0.365234 0.218971 -2.294257
v -0.365176 0.214381 -2.223468
v -0.316218 0.406524 -2.276809
v -0.316160 0.401933 -2.206021
v -0.182166 0.543923 -2.264000
v -0.182107 0.539333 -2.193215
v 0.001005 0.594354 -2.259268
v 0.001062 0.589764 -2.188482
v 0.184215 0.544304 -2.263877
v 0.184273 0.539712 -2.193089
v 0.318370 0.407182 -2.276591
v 0.318428 0.402592 -2.205806
v 0.318569 0.027588 -2.240670
v 0.283072 0.046406 -2.206201
v 0.367583 0.215141 -2.223221
v 0.326602 0.212964 -2.190706
v 0.184516 -0.109812 -2.253477
v 0.164026 -0.075615 -2.217575
v 0.001345 -0.160243 -2.258209
v 0.001355 -0.120401 -2.221778
v -0.181864 -0.110190 -2.253600
v -0.161346 -0.075952 -2.217686
v 0.001345 -0.160243 -2.258209
v 0.001355 -0.120401 -2.221778
v -0.316019 0.026929 -2.240884
v -0.280485 0.045822 -2.206394
v -0.365176 0.214381 -2.223468
v -0.324140 0.212290 -2.190928
v -0.316160 0.401933 -2.206021
v -0.280609 0.378850 -2.175431
v -0.182107 0.539333 -2.193215
v -0.161562 0.500870 -2.164057
v 0.001062 0.589764 -2.188482
v 0.001106 0.545657 -2.159854
v 0.184273 0.539712 -2.193089
v 0.163810 0.501209 -2.163947
v 0.318428 0.402592 -2.205806
v 0.282948 0.379434 -2.175242
v 0.260486 -0.044964 -0.570927
v 0.286244 -0.062998 -0.525249
v 0.300396 0.107454 -0.556738
v 0.330024 0.104620 -0.509679
v 0.151519 -0.156576 -0.581336
v 0.166448 -0.185811 -0.536679
v 0.002688 -0.197531 -0.585179
v 0.002739 -0.230891 -0.540904
v -0.146172 -0.156884 -0.581438
v -0.161005 -0.186150 -0.536790
v 0.002688 -0.197531 -0.585179
v 0.002739 -0.230891 -0.540904
v -0.255224 -0.045499 -0.571102
v -0.280895 -0.063588 -0.525441
v -0.295248 0.106836 -0.556941
v -0.324802 0.103941 -0.509901
v -0.255468 0.259331 -0.542752
v -0.280978 0.271535 -0.494332
v -0.146501 0.371096 -0.532328
v -0.161182 0.394298 -0.482908
v 0.002458 0.412128 -0.528475
v 0.002485 0.439354 -0.478684
v 0.151449 0.371405 -0.532225
v 0.166190 0.394638 -0.482796
v 0.260501 0.259865 -0.542573
v 0.286075 0.272122 -0.494138
v 0.287628 -0.075609 -0.345098
v 0.311758 -0.092237 -0.309101
v 0.331626 0.092743 -0.329461
v 0.359476 0.090356 -0.292144
v 0.167302 -0.198941 -0.356577
v 0.181253 -0.226003 -0.321544
v 0.002886 -0.244209 -0.360818
v 0.002929 -0.275101 -0.326141
v -0.161562 -0.199282 -0.356690
v -0.175434 -0.226373 -0.321665
v 0.002886 -0.244209 -0.360818
v 0.002929 -0.275101 -0.326141
v -0.281982 -0.076199 -0.345292
v -0.306041 -0.092877 -0.309308
v -0.326105 0.092060 -0.329686
v -0.353897 0.089616 -0.292388
v -0.282109 0.260409 -0.314045
v -0.306176 0.272208 -0.275432
v -0.161782 0.383742 -0.302566
v -0.175671 0.405974 -0.262988
v 0.002634 0.429011 -0.298325
v 0.002655 0.455071 -0.258391
v 0.167084 0.384082 -0.302454
v 0.181015 0.406344 -0.262866
v 0.287502 0.261001 -0.313852
v 0.311621 0.272849 -0.275222
v 0.311758 -0.092237 -0.309101
v 0.311961 -0.108168 -0.062185
v 0.359476 0.090356 -0.292144
v 0.359679 0.074424 -0.045227
v 0.181253 -0.226003 -0.321544
v 0.181454 -0.241934 -0.074631
v 0.002929 -0.275101 -0.326141
v 0.003132 -0.291031 -0.079228
v -0.175434 -0.226373 -0.321665
v -0.175230 -0.242304 -0.074749
v 0.002929 -0.275101 -0.326141
v 0.003132 -0.291031 -0.079228
v -0.306041 -0.092877 -0.309308
v -0.305838 -0.108809 -0.062393
v -0.353897 0.089616 -0.292388
v -0.353693 0.073684 -0.045473
v -0.306176 0.272208 -0.275432
v -0.305975 0.256276 -0.028516
v -0.175671 0.405974 -0.262988
v -0.175468 0.390044 -0.016073
v 0.002655 0.455071 -0.258391
v 0.002856 0.439140 -0.011471
v 0.181015 0.406344 -0.262866
v 0.181218 0.390414 -0.015950
v 0.311621 0.272849 -0.275222
v 0.311824 0.256918 -0.028307
v 0.311961 -0.108168 -0.062185
v 0.261605 -0.083335 0.015653
v 0.359679 0.074424 -0.045227
v 0.301536 0.069460 0.029847
v 0.181454 -0.241934 -0.074631
v 0.152395 -0.195273 0.005236
v 0.003132 -0.291031 -0.079228
v 0.003169 -0.236358 0.001385
v -0.175230 -0.242304 -0.074749
v -0.146084 -0.195583 0.005133
v 0.003132 -0.291031 -0.079228
v 0.003169 -0.236358 0.001385
v -0.305838 -0.108809 -0.062393
v -0.255379 -0.083872 0.015478
v -0.353693 0.073684 -0.045473
v -0.295425 0.068840 0.029646
v -0.305975 0.256276 -0.028516
v -0.255494 0.221637 0.043841
v -0.175468 0.390044 -0.016073
v -0.146284 0.333573 0.054260
v 0.002856 0.439140 -0.011471
v 0.002940 0.374658 0.058111
v 0.181218 0.390414 -0.015950
v 0.152196 0.333883 0.054362
v 0.311824 0.256918 -0.028307
v 0.261489 0.222172 0.044019
v 0.107763 0.198036 0.901448
v 0.167690 0.308663 0.842975
v 0.183981 0.120133 0.894224
v 0.287863 0.185831 0.831584
v 0.003678 0.226471 0.904068
v 0.003576 0.353496 0.847105
v -0.100387 0.197820 0.901378
v -0.160506 0.308322 0.842863
v -0.176546 0.119759 0.894099
v -0.280586 0.185243 0.831390
v -0.204394 0.013205 0.884187
v -0.324492 0.017236 0.815759
v -0.176466 -0.093291 0.874291
v -0.280459 -0.150676 0.800157
v -0.100248 -0.171194 0.867064
v -0.160286 -0.273507 0.788764
v 0.003838 -0.199629 0.864447
v 0.003828 -0.318341 0.784636
v 0.107903 -0.170978 0.867135
v 0.167910 -0.273166 0.788875
v 0.003838 -0.199629 0.864447
v 0.003828 -0.318341 0.784636
v 0.184061 -0.092916 0.874414
v 0.287989 -0.150087 0.800349
v 0.211908 0.013637 0.884328
v 0.331896 0.017917 0.815982
v 0.167690 0.308663 0.842975
v 0.168025 0.315438 0.775752
v 0.287863 0.185831 0.831584
v 0.288487 0.192314 0.764330
v 0.003576 0.353496 0.847105
v 0.003520 0.360380 0.779888
v -0.160506 0.308322 0.842863
v -0.160952 0.315097 0.775639
v -0.280586 0.185243 0.831390
v -0.281321 0.191723 0.764137
v -0.324492 0.017236 0.815759
v -0.325334 0.023317 0.748467
v -0.280459 -0.150676 0.800157
v -0.281194 -0.144997 0.732827
v -0.160286 -0.273507 0.788764
v -0.160735 -0.268120 0.721412
v 0.003828 -0.318341 0.784636
v 0.003771 -0.313063 0.717271
v 0.167910 -0.273166 0.788875
v 0.168245 -0.267779 0.721522
v 0.003828 -0.318341 0.784636
v 0.003771 -0.313063 0.717271
v 0.287989 -0.150087 0.800349
v 0.288614 -0.144406 0.733022
v 0.331896 0.017917 0.815982
v 0.332624 0.024000 0.748692
v 0.149596 0.285951 0.723986
v 0.256578 0.176602 0.713845
v 0.003493 0.325864 0.727659
v -0.142577 0.285647 0.723885
v -0.249478 0.176077 0.713672
v -0.288566 0.026512 0.699755
v -0.249366 -0.122970 0.685865
v -0.142384 -0.232319 0.675724
v 0.003719 -0.272232 0.672049
v 0.149789 -0.232015 0.675823
v 0.003719 -0.272232 0.672049
v 0.256688 -0.122445 0.686038
v 0.295778 0.027118 0.699955
v -0.100248 -0.171194 0.867064
v -0.176466 -0.093291 0.874291
v -0.204394 0.013205 0.884187
v -0.100387 0.197820 0.901378
v 0.211908 0.013637 0.884328
v 0.107903 -0.170978 0.867135
v 0.003838 -0.199629 0.864447
v 0.184061 -0.092916 0.874414
v 0.107763 0.198036 0.901448
v 0.183981 0.120133 0.894224
v 0.003678 0.226471 0.904068
v -0.176546 0.119759 0.894099
v 0.261605 -0.083335 0.015653
v 0.256688 -0.122445 0.686038
v 0.301536 0.069460 0.029847
v 0.295778 0.027118 0.699955
v 0.152395 -0.195273 0.005236
v 0.149789 -0.232015 0.675823
v 0.003169 -0.236358 0.001385
v 0.003719 -0.272232 0.672049
v -0.146084 -0.195583 0.005133
v -0.142384 -0.232319 0.675724
v 0.003169 -0.236358 0.001385
v 0.003719 -0.272232 0.672049
v -0.255379 -0.083872 0.015478
v -0.249366 -0.122970 0.685865
v -0.295425 0.068840 0.029646
v -0.288566 0.026512 0.699755
v -0.255494 0.221637 0.043841
v -0.249478 0.176077 0.713672
v -0.146284 0.333573 0.054260
v -0.142577 0.285647 0.723885
v 0.002940 0.374658 0.058111
v 0.003493 0.325864 0.727659
v 0.152196 0.333883 0.054362
v 0.149596 0.285951 0.723986
v 0.261489 0.222172 0.044019
v 0.256578 0.176602 0.713845
vt 0.442228 0.027043
vt 0.449055 0.038867
vt 0.430405 0.020216
vt 0.416752 0.020216
vt 0.404927 0.027043
vt 0.398100 0.038867
vt 0.398100 0.052520
vt 0.404927 0.064343
vt 0.416752 0.071170
vt 0.430405 0.071170
vt 0.442228 0.064343
vt 0.449055 0.052520
vt 0.451903 0.017368
vt 0.462270 0.035326
vt 0.433946 0.007000
vt 0.413211 0.007000
vt 0.395253 0.017368
vt 0.384885 0.035326
vt 0.384885 0.056061
vt 0.395253 0.074018
vt 0.413211 0.084385
vt 0.433946 0.084385
vt 0.451903 0.074018
vt 0.462270 0.056061
vt 0.046787 0.007308
vt 0.089961 0.007308
vt 0.046787 0.059133
vt 0.089961 0.059133
vt 0.133135 0.007308
vt 0.133135 0.059133
vt 0.176309 0.007308
vt 0.176309 0.059133
vt 0.219483 0.007308
vt 0.219483 0.059133
vt 0.262657 0.007309
vt 0.262657 0.059133
vt 0.261642 0.007309
vt 0.218468 0.007308
vt 0.261642 0.059133
vt 0.218468 0.059133
vt 0.175294 0.007308
vt 0.175294 0.059133
vt 0.132120 0.007308
vt 0.132120 0.059133
vt 0.088946 0.007308
vt 0.088946 0.059133
vt 0.045771 0.007308
vt 0.045771 0.059133
vt 0.002598 0.007308
vt 0.002598 0.059133
vt 0.384831 0.035427
vt 0.413294 0.006963
vt 0.395249 0.017381
vt 0.452176 0.017381
vt 0.434130 0.084726
vt 0.395249 0.074308
vt 0.384831 0.056263
vt 0.413294 0.084726
vt 0.462594 0.056263
vt 0.452176 0.074308
vt 0.462594 0.035427
vt 0.434130 0.006963
vt 0.001696 0.139681
vt 0.024400 0.139681
vt 0.013048 0.131433
vt 0.006032 0.153025
vt 0.020064 0.153025
vt 0.028912 0.135208
vt 0.028912 0.143643
vt 0.298485 0.135208
vt 0.298485 0.143643
vt 0.028912 0.138430
vt 0.298485 0.138430
vt 0.028912 0.148857
vt 0.298485 0.148857
vt 0.028912 0.152079
vt 0.298485 0.152079
vt 0.371988 0.036395
vt 0.377906 0.058481
vt 0.375689 0.034258
vt 0.382179 0.058481
vt 0.371988 0.080566
vt 0.375689 0.082704
vt 0.355821 0.020227
vt 0.357957 0.016526
vt 0.333735 0.014310
vt 0.333735 0.010036
vt 0.311649 0.020227
vt 0.309512 0.016526
vt 0.295482 0.036395
vt 0.291781 0.034258
vt 0.289564 0.058481
vt 0.285290 0.058481
vt 0.295482 0.080566
vt 0.291781 0.082704
vt 0.311649 0.096734
vt 0.309512 0.100436
vt 0.333735 0.102651
vt 0.333735 0.106926
vt 0.355821 0.096734
vt 0.357957 0.100436
vt 0.464666 0.072673
vt 0.464666 0.084011
vt 0.496467 0.072673
vt 0.496467 0.084011
vt 0.372900 0.207714
vt 0.372900 0.103066
vt 0.460960 0.093758
vt 0.383142 0.093758
vt 0.496467 0.160606
vt 0.464666 0.160606
vt 0.464703 0.064968
vt 0.496349 0.064968
vt 0.464703 0.401635
vt 0.496349 0.401635
vt 0.351611 0.243207
vt 0.460960 0.485374
vt 0.496467 0.195991
vt 0.464666 0.195991
vt 0.496423 0.414072
vt 0.496467 0.401138
vt 0.464714 0.414072
vt 0.464666 0.401138
vt 0.496423 0.498900
vt 0.496423 0.489930
vt 0.464714 0.498900
vt 0.464714 0.489930
vt 0.496467 0.005406
vt 0.464666 0.005406
vt 0.360936 0.492507
vt 0.351611 0.483167
vt 0.452437 0.492507
vt 0.255883 0.129108
vt 0.285701 0.129113
vt 0.255875 0.063491
vt 0.285701 0.063497
vt 0.255207 0.063491
vt 0.286081 0.063497
vt 0.255214 0.129108
vt 0.286081 0.129113
vt 0.002464 0.063483
vt 0.252984 0.063490
vt 0.002464 0.129099
vt 0.252977 0.129104
vt 0.060435 0.465043
vt 0.089157 0.465033
vt 0.060429 0.304551
vt 0.089148 0.304540
vt 0.031723 0.465052
vt 0.031718 0.304559
vt 0.003015 0.465055
vt 0.003015 0.304562
vt 0.319041 0.465052
vt 0.347749 0.465055
vt 0.319032 0.304559
vt 0.347735 0.304562
vt 0.290316 0.465043
vt 0.290322 0.304551
vt 0.261594 0.465033
vt 0.261602 0.304540
vt 0.232862 0.465022
vt 0.232868 0.304529
vt 0.204121 0.465014
vt 0.204125 0.304522
vt 0.175375 0.465011
vt 0.175375 0.304518
vt 0.146629 0.465014
vt 0.146625 0.304522
vt 0.117889 0.465022
vt 0.117881 0.304529
vt 0.146616 0.469366
vt 0.117866 0.469375
vt 0.146640 0.474683
vt 0.117908 0.474691
vt 0.175375 0.469364
vt 0.175375 0.474680
vt 0.204134 0.469366
vt 0.204110 0.474683
vt 0.232884 0.469375
vt 0.232843 0.474691
vt 0.261620 0.469386
vt 0.261572 0.474702
vt 0.290338 0.469397
vt 0.290296 0.474713
vt 0.319059 0.469404
vt 0.319030 0.474721
vt 0.347762 0.469407
vt 0.347749 0.474724
vt 0.031709 0.469404
vt 0.003015 0.469407
vt 0.031734 0.474721
vt 0.003015 0.474724
vt 0.060413 0.469397
vt 0.060454 0.474713
vt 0.089130 0.469386
vt 0.089179 0.474702
vt 0.060456 0.299650
vt 0.089180 0.299642
vt 0.060419 0.280881
vt 0.089138 0.280872
vt 0.031735 0.299657
vt 0.031713 0.280887
vt 0.003015 0.299659
vt 0.003015 0.280889
vt 0.319016 0.299657
vt 0.347735 0.299659
vt 0.319037 0.280887
vt 0.347735 0.280889
vt 0.290294 0.299650
vt 0.290332 0.280881
vt 0.261570 0.299642
vt 0.261613 0.280872
vt 0.232841 0.299633
vt 0.232878 0.280863
vt 0.204109 0.299627
vt 0.204131 0.280856
vt 0.175375 0.299625
vt 0.175375 0.280854
vt 0.146641 0.299627
vt 0.146619 0.280856
vt 0.117909 0.299634
vt 0.117872 0.280863
vt 0.060470 0.498807
vt 0.089197 0.498793
vt 0.060467 0.489637
vt 0.089193 0.489623
vt 0.031742 0.498816
vt 0.031741 0.489646
vt 0.003015 0.498820
vt 0.003015 0.489650
vt 0.319007 0.498816
vt 0.347735 0.498820
vt 0.319010 0.489646
vt 0.347735 0.489650
vt 0.290280 0.498807
vt 0.290284 0.489637
vt 0.261553 0.498793
vt 0.261557 0.489623
vt 0.232827 0.498780
vt 0.232830 0.489610
vt 0.204101 0.498769
vt 0.204103 0.489600
vt 0.175375 0.498766
vt 0.175375 0.489596
vt 0.146649 0.498769
vt 0.146647 0.489600
vt 0.117923 0.498780
vt 0.117920 0.489610
vt 0.060463 0.485474
vt 0.089189 0.485462
vt 0.031739 0.485483
vt 0.003015 0.485487
vt 0.319012 0.485483
vt 0.347735 0.485487
vt 0.290287 0.485474
vt 0.261561 0.485462
vt 0.232834 0.485449
vt 0.204104 0.485440
vt 0.175375 0.485437
vt 0.146646 0.485440
vt 0.117917 0.485449
vt 0.060460 0.478103
vt 0.089185 0.478090
vt 0.031737 0.478112
vt 0.003015 0.478114
vt 0.319014 0.478112
vt 0.347735 0.478114
vt 0.290290 0.478103
vt 0.261565 0.478090
vt 0.232837 0.478078
vt 0.204106 0.478069
vt 0.175375 0.478065
vt 0.146644 0.478069
vt 0.117913 0.478078
vt 0.060422 0.276996
vt 0.089140 0.276987
vt 0.031714 0.277002
vt 0.003015 0.277004
vt 0.319036 0.277002
vt 0.347735 0.277004
vt 0.290329 0.276996
vt 0.261609 0.276987
vt 0.232875 0.276978
vt 0.204129 0.276971
vt 0.175375 0.276969
vt 0.146621 0.276971
vt 0.117875 0.276978
vt 0.060419 0.251281
vt 0.089139 0.251273
vt 0.031714 0.251288
vt 0.003015 0.251291
vt 0.319037 0.251288
vt 0.347735 0.251291
vt 0.290331 0.251281
vt 0.261612 0.251273
vt 0.232877 0.251264
vt 0.204130 0.251258
vt 0.175375 0.251256
vt 0.146620 0.251258
vt 0.117872 0.251265
vt 0.060400 0.243460
vt 0.089116 0.243452
vt 0.031702 0.243466
vt 0.003015 0.243468
vt 0.319048 0.243466
vt 0.347735 0.243468
vt 0.290350 0.243460
vt 0.261634 0.243452
vt 0.232897 0.243444
vt 0.204141 0.243438
vt 0.175375 0.243436
vt 0.146609 0.243438
vt 0.117853 0.243444
vt 0.146508 0.154923
vt 0.117679 0.154928
vt 0.146539 0.161558
vt 0.117733 0.161566
vt 0.175375 0.154921
vt 0.175375 0.161555
vt 0.204241 0.154923
vt 0.204211 0.161557
vt 0.233070 0.154928
vt 0.233018 0.161566
vt 0.261834 0.154935
vt 0.261773 0.161577
vt 0.290523 0.154942
vt 0.290470 0.161589
vt 0.319161 0.154948
vt 0.319135 0.161597
vt 0.347762 0.154950
vt 0.347762 0.161600
vt 0.031603 0.154948
vt 0.003015 0.154950
vt 0.031633 0.161597
vt 0.003015 0.161600
vt 0.060227 0.154942
vt 0.060280 0.161589
vt 0.088916 0.154935
vt 0.088978 0.161577
vt 0.146681 0.168582
vt 0.117978 0.168591
vt 0.175375 0.168579
vt 0.204069 0.168582
vt 0.232772 0.168591
vt 0.261490 0.168601
vt 0.290226 0.168613
vt 0.318994 0.168621
vt 0.347762 0.168625
vt 0.031774 0.168621
vt 0.003015 0.168625
vt 0.060525 0.168613
vt 0.089260 0.168601
vt 0.146686 0.173659
vt 0.117987 0.173666
vt 0.175375 0.173655
vt 0.204064 0.173659
vt 0.232763 0.173666
vt 0.261479 0.173676
vt 0.290216 0.173686
vt 0.318984 0.173693
vt 0.347749 0.173696
vt 0.031780 0.173693
vt 0.003015 0.173696
vt 0.060534 0.173686
vt 0.089272 0.173676
vt 0.357739 0.016903
vt 0.381743 0.058480
vt 0.375311 0.034476
vt 0.357739 0.100056
vt 0.285726 0.058480
vt 0.309730 0.016903
vt 0.333735 0.010472
vt 0.292159 0.034476
vt 0.309730 0.100056
vt 0.292159 0.082484
vt 0.333735 0.106489
vt 0.375311 0.082484
vn 0.000100 0.250800 -0.968000
vn 0.000600 -0.268400 -0.963300
vn 0.769300 0.160200 -0.618400
vn 0.771300 -0.170400 -0.613200
vn -0.000500 0.694500 -0.719500
vn 0.768100 0.444400 -0.461000
vn -0.000900 0.958100 -0.286500
vn 0.768700 0.612600 -0.184000
vn -0.001100 0.973400 0.229200
vn 0.770500 0.620700 0.145300
vn -0.001000 0.721900 0.692000
vn 0.771800 0.459600 0.439500
vn -0.000600 0.268500 0.963300
vn 0.771400 0.171300 0.612900
vn -0.000100 -0.250600 0.968100
vn 0.769800 -0.159900 0.617900
vn 0.000500 -0.694200 0.719800
vn 0.769000 -0.444100 0.459800
vn 0.000900 -0.958000 0.286900
vn 0.769700 -0.611800 0.182400
vn 0.001100 -0.973400 -0.228900
vn 0.771300 -0.619300 -0.146500
vn 0.001100 -0.722000 -0.691900
vn 0.772300 -0.458100 -0.440100
vn 1.000000 0.000500 -0.000800
vn 1.000000 0.000400 -0.000800
vn 1.000000 0.000500 -0.000900
vn -0.000600 0.268400 0.963300
vn -0.000100 -0.250800 0.968000
vn -0.000100 -0.250500 0.968100
vn 0.000500 -0.694500 0.719500
vn 0.000900 -0.958100 0.286500
vn 0.001100 -0.973400 -0.229200
vn 0.001100 -0.879700 -0.475500
vn 0.000800 -0.512200 -0.858800
vn 0.000600 -0.268500 -0.963300
vn 0.000100 0.250600 -0.968100
vn -0.000500 0.694200 -0.719800
vn -0.000900 0.958000 -0.286900
vn -0.001100 0.973400 0.228900
vn -0.001100 0.879700 0.475500
vn -0.000800 0.512300 0.858800
vn -1.000000 -0.000400 0.000800
vn -1.000000 -0.000500 0.000800
vn -0.000900 0.657300 0.753600
vn -0.000500 0.182300 0.983200
vn -0.772200 0.417100 0.479300
vn -0.771000 0.115700 0.626200
vn -0.001100 0.949500 0.313800
vn -0.771600 0.603700 0.200500
vn -0.000900 0.979100 -0.203400
vn -0.769900 0.625000 -0.129000
vn -0.000500 0.752900 -0.658100
vn -0.769000 0.481700 -0.420300
vn -0.000100 0.333000 -0.942900
vn -0.769600 0.212700 -0.602000
vn 0.000500 -0.182400 -0.983200
vn -0.771200 -0.116500 -0.625900
vn 0.001000 -0.657200 -0.753700
vn -0.771800 -0.418400 -0.478700
vn 0.001100 -0.949400 -0.314100
vn -0.770800 -0.605100 -0.199200
vn 0.000900 -0.979200 0.203000
vn -0.768900 -0.625800 0.130500
vn 0.000600 -0.753200 0.657800
vn -0.768100 -0.482000 0.421600
vn 0.000100 -0.333300 0.942800
vn -0.769000 -0.213000 0.602700
vn -1.000000 -0.000500 0.000700
vn 0.000500 -0.182300 -0.983200
vn 0.000900 -0.657300 -0.753600
vn 0.000900 -0.657200 -0.753700
vn 0.001100 -0.949500 -0.313800
vn 0.000900 -0.979100 0.203400
vn 0.000600 -0.752900 0.658100
vn 0.000300 -0.562800 0.826600
vn -0.000200 -0.081500 0.996700
vn -0.000500 0.182400 0.983200
vn -0.000900 0.657200 0.753700
vn -0.001000 0.657300 0.753600
vn -0.001100 0.949400 0.314100
vn -0.000900 0.979200 -0.203000
vn -0.000600 0.753200 -0.657800
vn -0.000600 0.752900 -0.658100
vn -0.000300 0.562800 -0.826600
vn 0.000200 0.081500 -0.996700
vn 0.000300 0.081500 -0.996700
vn -0.771600 0.603700 0.200400
vn -0.000000 0.333100 -0.942900
vn -0.770800 -0.605100 -0.199300
vn 0.001000 -0.979200 0.203000
vn -0.768900 -0.625900 0.130600
vn 0.000500 -0.753200 0.657800
vn 0.000000 -0.333300 0.942800
vn -0.000300 -0.081500 0.996700
vn 0.771800 0.459500 0.439500
vn 0.769900 -0.159900 0.617900
vn 0.001000 -0.722000 -0.691900
vn 0.000800 -0.512300 -0.858800
vn 0.000100 0.250500 -0.968100
vn 0.000400 -0.644100 0.764900
vn -0.000300 -0.071800 0.997400
vn 0.000400 -0.644100 0.765000
vn -0.000300 -0.072200 0.997400
vn 0.000800 -0.530500 -0.847700
vn 0.001100 -0.932000 -0.362500
vn 0.000800 -0.530400 -0.847700
vn 0.001100 -0.932000 -0.362400
vn -0.000400 0.642500 -0.766300
vn -0.000400 0.641800 -0.766900
vn -0.000900 0.967000 -0.255000
vn -0.000900 0.966900 -0.255000
vn -0.000800 0.527500 0.849500
vn 0.335100 -0.102100 -0.936600
vn 0.382700 0.084300 -0.920000
vn 0.553200 -0.238600 -0.798100
vn 0.633000 0.073500 -0.770600
vn 0.331100 0.268900 -0.904500
vn 0.543900 0.381000 -0.747700
vn 0.196600 -0.243300 -0.949800
vn 0.322000 -0.470700 -0.821400
vn 0.000600 -0.296600 -0.955000
vn 0.000800 -0.556700 -0.830700
vn -0.195700 -0.243700 -0.949900
vn -0.320700 -0.471300 -0.821600
vn -0.334700 -0.102600 -0.936700
vn -0.552700 -0.239500 -0.798200
vn -0.382700 0.084100 -0.920000
vn -0.633300 0.072900 -0.770500
vn -0.331300 0.268700 -0.904400
vn -0.544600 0.380700 -0.747300
vn -0.192500 0.405800 -0.893500
vn -0.313000 0.603700 -0.733200
vn -0.000200 0.456900 -0.889500
vn -0.000300 0.684700 -0.728800
vn 0.192200 0.405900 -0.893500
vn 0.312300 0.603700 -0.733500
vn -0.000300 -0.072300 0.997400
vn -0.000400 0.641800 -0.766800
vn -0.000600 0.298400 0.954400
vn -0.001100 0.892100 0.451800
vn -0.000600 0.298300 0.954500
vn -0.001100 0.892300 0.451500
vn -0.001000 0.998500 0.053900
vn 0.001100 -0.998500 -0.053900
vn -0.001100 0.833800 0.552100
vn -0.000200 0.458600 -0.888600
vn -0.000900 0.948300 -0.317300
vn -0.000200 0.459100 -0.888400
vn -0.000900 0.948500 -0.316700
vn 0.000900 -0.601400 -0.798900
vn 0.000600 -0.278200 -0.960500
vn 0.000600 -0.278000 -0.960600
vn -0.001100 0.998500 0.053900
vn 1.000000 0.000400 -0.000700
vn 0.000900 -0.601400 -0.799000
vn 0.000600 -0.278100 -0.960600
vn 0.869300 -0.493200 -0.032800
vn 1.000000 -0.004000 -0.001400
vn 0.873200 -0.486400 -0.032400
vn 1.000000 0.004600 -0.000900
vn 0.507400 -0.859900 -0.056100
vn 0.511600 -0.857400 -0.056000
vn 0.266400 -0.961800 -0.062500
vn 0.266300 -0.961900 -0.062500
vn -0.506100 -0.860700 -0.055300
vn -0.264500 -0.962400 -0.062100
vn -0.509800 -0.858500 -0.055200
vn -0.264400 -0.962400 -0.062100
vn -0.868800 -0.494100 -0.031500
vn -0.872500 -0.487600 -0.031000
vn -1.000000 -0.005000 0.000100
vn -1.000000 0.003600 0.000800
vn -0.873300 0.486100 0.031700
vn -0.869500 0.492900 0.032100
vn -0.511800 0.857400 0.055300
vn -0.507500 0.859800 0.055500
vn -0.001200 0.998000 0.063900
vn -0.000800 0.998000 0.063900
vn 0.510000 0.858400 0.054500
vn 0.506300 0.860600 0.054600
vn 0.872700 0.487300 0.030400
vn 0.869000 0.493800 0.030700
vn 0.506500 0.861000 0.045800
vn 0.869200 0.494100 0.021100
vn 0.509600 0.859200 0.045900
vn 0.872300 0.488600 0.021000
vn -0.000800 0.998500 0.055400
vn -0.001100 0.998500 0.055400
vn -0.507700 0.860300 0.046800
vn -0.511300 0.858100 0.046500
vn -0.869700 0.493100 0.022800
vn -0.872900 0.487400 0.022100
vn -0.999900 0.003800 -0.009600
vn -0.999900 -0.003300 -0.010400
vn -0.872200 -0.487200 -0.042600
vn -0.869200 -0.492500 -0.043300
vn -0.509500 -0.857800 -0.067900
vn -0.506600 -0.859500 -0.068100
vn -0.264400 -0.961500 -0.074700
vn -0.264400 -0.961500 -0.074800
vn 0.511300 -0.856600 -0.068800
vn 0.266500 -0.960900 -0.075200
vn 0.507900 -0.858700 -0.068700
vn 0.266500 -0.960900 -0.075100
vn 0.872900 -0.485900 -0.044300
vn 0.869700 -0.491500 -0.044400
vn 0.999900 0.004800 -0.011600
vn 0.999900 -0.002400 -0.011700
vn 0.421500 0.659700 0.622100
vn 0.721400 0.355500 0.594300
vn 0.421600 0.659800 0.622000
vn 0.722900 0.353100 0.593900
vn -0.000900 0.773900 0.633300
vn -0.001100 0.773900 0.633300
vn -0.422800 0.658900 0.622100
vn -0.423200 0.658600 0.622200
vn -0.721700 0.354500 0.594500
vn -0.723200 0.351700 0.594400
vn -0.825400 -0.048600 0.562400
vn -0.825200 -0.056000 0.562100
vn -0.715300 -0.449000 0.535500
vn -0.710200 -0.457300 0.535200
vn -0.415400 -0.747300 0.518700
vn -0.409300 -0.750700 0.518600
vn -0.216400 -0.838100 0.500700
vn -0.216300 -0.838100 0.500800
vn 0.416800 -0.746900 0.518200
vn 0.217700 -0.837900 0.500500
vn 0.410400 -0.750600 0.517900
vn 0.217700 -0.838000 0.500400
vn 0.716100 -0.448500 0.534800
vn 0.711200 -0.457000 0.534200
vn 0.825900 -0.048000 0.561800
vn 0.825900 -0.055200 0.561100
vn 0.869600 -0.492100 -0.041100
vn 1.000000 -0.003000 -0.009000
vn 0.873300 -0.485500 -0.040700
vn 0.999900 0.005600 -0.008600
vn 0.507600 -0.859100 -0.065000
vn 0.511700 -0.856700 -0.064900
vn 0.266500 -0.961200 -0.071300
vn -0.506400 -0.859900 -0.064300
vn -0.264600 -0.961800 -0.070900
vn -0.510000 -0.857800 -0.064100
vn -0.264500 -0.961800 -0.070900
vn -0.869100 -0.493100 -0.039800
vn -0.872600 -0.486800 -0.039300
vn -1.000000 -0.003900 -0.007500
vn -1.000000 0.004600 -0.006900
vn -0.873100 0.486900 0.024500
vn -0.869300 0.493700 0.025000
vn -0.511500 0.857900 0.048500
vn -0.507300 0.860400 0.048700
vn -0.001200 0.998400 0.057300
vn -0.000800 0.998400 0.057300
vn 0.509800 0.859000 0.047800
vn 0.506100 0.861100 0.047900
vn 0.872400 0.488200 0.023200
vn 0.868800 0.494600 0.023600
vn 0.869300 -0.493100 -0.032700
vn 1.000000 -0.004000 -0.001100
vn 0.873300 -0.486100 -0.032200
vn 1.000000 0.005000 -0.000500
vn 0.511700 -0.857300 -0.056000
vn -0.506200 -0.860700 -0.055400
vn -0.510000 -0.858400 -0.055200
vn -0.868900 -0.494100 -0.031300
vn -0.872700 -0.487300 -0.030900
vn -1.000000 -0.005000 0.000500
vn -1.000000 0.004000 0.001100
vn -0.873300 0.486100 0.032200
vn -0.869300 0.493100 0.032700
vn -0.511700 0.857300 0.056000
vn -0.507400 0.859900 0.056100
vn -0.001200 0.997900 0.064700
vn -0.000800 0.997900 0.064700
vn 0.510000 0.858400 0.055200
vn 0.506200 0.860700 0.055400
vn 0.872700 0.487300 0.030900
vn 0.868800 0.494100 0.031300
vn 0.744600 -0.469800 0.474300
vn 0.863400 -0.049300 0.502100
vn 0.749200 -0.461900 0.474700
vn 0.863500 -0.042600 0.502600
vn 0.430400 -0.778300 0.457200
vn 0.436400 -0.774800 0.457400
vn 0.227800 -0.868700 0.439900
vn -0.429300 -0.778500 0.457900
vn -0.226300 -0.868900 0.440200
vn -0.434900 -0.775300 0.458100
vn -0.743700 -0.470200 0.475300
vn -0.748200 -0.462500 0.475700
vn -0.862800 -0.050200 0.503000
vn -0.862900 -0.043300 0.503500
vn -0.755800 0.375900 0.536200
vn -0.754400 0.378500 0.536400
vn -0.442400 0.696900 0.564500
vn -0.442000 0.697100 0.564500
vn -0.001100 0.817600 0.575800
vn -0.000900 0.817600 0.575800
vn 0.440800 0.698000 0.564300
vn 0.755500 0.377200 0.535700
vn 0.754200 0.379500 0.535900
vn 0.507400 -0.859900 -0.056200
vn 0.266400 -0.961800 -0.062600
vn -0.264500 -0.962400 -0.062200
vn -0.507400 0.859900 0.056200
vn 0.510000 0.858400 0.055300
vn 0.868900 0.494100 0.031300
vn 0.535100 -0.376100 0.756400
vn 0.622300 -0.073600 0.779300
vn 0.538600 -0.370400 0.756800
vn 0.622300 -0.070200 0.779600
vn 0.307500 -0.595200 0.742400
vn 0.312400 -0.592400 0.742600
vn 0.164500 -0.665700 0.727900
vn -0.306900 -0.595200 0.742700
vn -0.163600 -0.665700 0.728100
vn -0.311400 -0.592600 0.742900
vn -0.534500 -0.376300 0.756800
vn -0.537900 -0.370600 0.757200
vn -0.621900 -0.074200 0.779500
vn -0.622000 -0.070600 0.779800
vn -0.543300 0.232300 0.806700
vn -0.543600 0.231900 0.806700
vn -0.316200 0.460100 0.829700
vn -0.317800 0.459100 0.829600
vn -0.000800 0.544400 0.838800
vn 0.314900 0.460700 0.829800
vn 0.316700 0.459700 0.829700
vn 0.542800 0.233200 0.806800
vn 0.543200 0.232500 0.806800
vn 0.739900 -0.368400 -0.562800
vn 0.846500 0.045200 -0.530400
vn 0.741700 -0.365400 -0.562400
vn 0.846600 0.052800 -0.529700
vn 0.433400 -0.680700 -0.590600
vn 0.434100 -0.680400 -0.590400
vn 0.229000 -0.777300 -0.585900
vn 0.229100 -0.777400 -0.585900
vn -0.432300 -0.681600 -0.590300
vn -0.227300 -0.777900 -0.585800
vn -0.432600 -0.681400 -0.590400
vn -0.227300 -0.777900 -0.585900
vn -0.739900 -0.369400 -0.562200
vn -0.741300 -0.366600 -0.562100
vn -0.847200 0.044500 -0.529400
vn -0.847000 0.052000 -0.529100
vn -0.735100 0.455700 -0.502000
vn -0.729900 0.464200 -0.501700
vn -0.428100 0.762500 -0.485100
vn -0.421600 0.766200 -0.485100
vn -0.001000 0.877400 -0.479800
vn -0.000600 0.877400 -0.479800
vn 0.426500 0.762900 -0.485900
vn 0.420500 0.766400 -0.485600
vn 0.733900 0.456300 -0.503100
vn 0.729100 0.464700 -0.502500
vn 0.701300 -0.339400 -0.626900
vn 0.801900 0.052200 -0.595100
vn 0.702200 -0.337900 -0.626700
vn 0.801800 0.058100 -0.594700
vn 0.410900 -0.635000 -0.654200
vn 0.410500 -0.635300 -0.654200
vn 0.217400 -0.728700 -0.649400
vn -0.409700 -0.635900 -0.654100
vn -0.215500 -0.729300 -0.649400
vn -0.409000 -0.636300 -0.654100
vn -0.701100 -0.340400 -0.626600
vn -0.701900 -0.339100 -0.626400
vn -0.802400 0.051500 -0.594500
vn -0.802400 0.057300 -0.594100
vn -0.695400 0.440200 -0.568000
vn -0.691000 0.447700 -0.567500
vn -0.404500 0.729400 -0.551700
vn -0.398600 0.732800 -0.551500
vn -0.000800 0.837500 -0.546500
vn -0.000500 0.837500 -0.546500
vn 0.403100 0.729800 -0.552200
vn 0.397600 0.732900 -0.552100
vn 0.694500 0.440700 -0.568800
vn 0.690100 0.448100 -0.568300
vn 0.869300 -0.493200 -0.032500
vn 0.873300 -0.486100 -0.032100
vn 0.507400 -0.859900 -0.055900
vn 0.511700 -0.857300 -0.055700
vn 0.266400 -0.961800 -0.062300
vn -0.506200 -0.860700 -0.055100
vn -0.264500 -0.962400 -0.061900
vn -0.510000 -0.858400 -0.055000
vn -0.868800 -0.494100 -0.031200
vn -0.872700 -0.487300 -0.030700
vn -0.873300 0.486100 0.032100
vn -0.869300 0.493200 0.032500
vn -0.511700 0.857300 0.055700
vn -0.507400 0.859900 0.055900
vn -0.001200 0.997900 0.064400
vn -0.000800 0.997900 0.064400
vn 0.510000 0.858400 0.055000
vn 0.506200 0.860700 0.055100
vn 0.872700 0.487300 0.030700
vn 0.868800 0.494100 0.031200
vn 0.681400 -0.443500 0.582300
vn 0.791100 -0.058500 0.608800
vn 0.685700 -0.436200 0.582700
vn 0.791200 -0.053000 0.609200
vn 0.392900 -0.724500 0.566300
vn 0.398800 -0.721200 0.566400
vn 0.208700 -0.809400 0.548900
vn -0.392000 -0.724600 0.566800
vn -0.207400 -0.809600 0.549200
vn -0.397400 -0.721500 0.567000
vn -0.680500 -0.443900 0.583100
vn -0.684700 -0.436700 0.583500
vn -0.790600 -0.059300 0.609400
vn -0.790700 -0.053700 0.609900
vn -0.692200 0.331000 0.641400
vn -0.691400 0.332300 0.641500
vn -0.404500 0.623900 0.668700
vn -0.405000 0.623500 0.668700
vn -0.001000 0.733500 0.679700
vn -0.000900 0.733500 0.679700
vn 0.403000 0.624800 0.668700
vn 0.403800 0.624400 0.668700
vn 0.691800 0.332200 0.641100
vn 0.691300 0.333200 0.641200
vn 0.251700 0.342200 0.905300
vn 0.432400 0.162000 0.887000
vn 0.250000 0.343200 0.905400
vn 0.431900 0.162900 0.887100
vn -0.000700 0.409200 0.912500
vn -0.252800 0.341700 0.905100
vn -0.251100 0.342700 0.905200
vn -0.432900 0.161600 0.886900
vn -0.432400 0.162300 0.886900
vn -0.495500 -0.079000 0.865000
vn -0.495500 -0.081700 0.864800
vn -0.428100 -0.317400 0.846200
vn -0.425200 -0.322100 0.845800
vn -0.247500 -0.493100 0.834000
vn -0.243600 -0.495200 0.833900
vn -0.130400 -0.553200 0.822800
vn 0.248100 -0.492900 0.833900
vn 0.131000 -0.553100 0.822700
vn 0.244100 -0.495200 0.833800
vn 0.428400 -0.317200 0.846100
vn 0.425600 -0.321900 0.845700
vn 0.495500 -0.078700 0.865000
vn 0.495500 -0.081200 0.864800
vn 0.508200 0.856700 0.088900
vn 0.870700 0.488700 0.055200
vn 0.482200 0.844800 -0.231900
vn 0.828900 0.495900 -0.259000
vn -0.000800 0.994800 0.101900
vn -0.000900 0.975100 -0.221800
vn -0.509400 0.855800 0.089600
vn -0.483700 0.844100 -0.231300
vn -0.871100 0.487800 0.056500
vn -0.829700 0.495000 -0.258000
vn -0.999900 -0.001200 0.012400
vn -0.954900 0.028100 -0.295700
vn -0.870900 -0.490400 -0.031900
vn -0.832400 -0.440500 -0.336100
vn -0.508300 -0.858700 -0.065300
vn -0.485600 -0.792800 -0.368300
vn -0.264500 -0.961400 -0.075100
vn -0.253600 -0.894600 -0.368000
vn 0.510000 -0.857600 -0.066000
vn 0.266500 -0.960900 -0.075500
vn 0.487000 -0.791800 -0.368700
vn 0.255600 -0.893800 -0.368500
vn 0.871600 -0.489100 -0.033200
vn 0.832700 -0.439300 -0.336900
vn 0.999900 -0.000200 0.010800
vn 0.954500 0.029100 -0.296800
vn 0.401200 0.727100 -0.557000
vn 0.691200 0.439500 -0.573600
vn -0.000800 0.834300 -0.551300
vn -0.402600 0.726800 -0.556500
vn -0.692200 0.439000 -0.572900
vn -0.798700 0.052100 -0.599400
vn -0.697900 -0.337900 -0.631500
vn -0.407700 -0.632000 -0.659000
vn -0.214600 -0.725100 -0.654400
vn 0.408900 -0.631200 -0.659100
vn 0.216400 -0.724500 -0.654400
vn 0.698000 -0.337000 -0.631800
vn 0.798200 0.052700 -0.600100
vn -0.000200 -0.092600 0.995700
vn -0.000200 -0.092500 0.995700
vn -0.000300 -0.092600 0.995700
vn -0.000300 -0.092500 0.995700
vn 0.869100 -0.494200 -0.022500
vn 1.000000 -0.005100 0.008300
vn 0.873300 -0.486700 -0.022000
vn 1.000000 0.004400 0.008900
vn 0.507100 -0.860700 -0.045200
vn 0.511700 -0.858000 -0.045000
vn 0.266300 -0.962500 -0.051700
vn -0.505900 -0.861500 -0.044400
vn -0.264400 -0.963100 -0.051300
vn -0.510000 -0.859000 -0.044200
vn -0.868600 -0.495100 -0.021100
vn -0.872600 -0.487900 -0.020600
vn -0.999900 -0.006100 0.009900
vn -0.999900 0.003400 0.010500
vn -0.873500 0.485200 0.040800
vn -0.869300 0.492500 0.041300
vn -0.511900 0.856600 0.064100
vn -0.507400 0.859300 0.064300
vn -0.001200 0.997400 0.072700
vn -0.000800 0.997400 0.072700
vn 0.510200 0.857700 0.063400
vn 0.506200 0.860100 0.063500
vn 0.872800 0.486400 0.039500
vn 0.868800 0.493500 0.039900
usemtl DrawCall_0419
s 1
f 1/1/1 3/2/2 2/1/3
f 4/2/4 2/1/3 3/2/2
f 5/3/5 1/1/1 6/3/6
f 2/1/3 6/3/6 1/1/1
f 7/4/7 5/3/5 8/4/8
f 6/3/6 8/4/8 5/3/5
f 9/5/9 7/4/7 10/5/10
f 8/4/8 10/5/10 7/4/7
f 11/6/11 9/5/9 12/6/12
f 10/5/10 12/6/12 9/5/9
f 13/7/13 11/6/11 14/7/14
f 12/6/12 14/7/14 11/6/11
f 15/8/15 13/7/13 16/8/16
f 14/7/14 16/8/16 13/7/13
f 17/9/17 15/8/15 18/9/18
f 16/8/16 18/9/18 15/8/15
f 19/10/19 17/9/17 20/10/20
f 18/9/18 20/10/20 17/9/17
f 21/11/21 19/10/19 22/11/22
f 20/10/20 22/11/22 19/10/19
f 23/12/23 21/11/21 24/12/24
f 22/11/22 24/12/24 21/11/21
f 3/2/2 23/12/23 4/2/4
f 24/12/24 4/2/4 23/12/23
f 2/1/3 4/2/4 25/13/25
f 26/14/26 25/13/25 4/2/4
f 6/3/6 2/1/3 27/15/25
f 25/13/25 27/15/25 2/1/3
f 8/4/8 6/3/6 28/16/25
f 27/15/25 28/16/25 6/3/6
f 10/5/10 8/4/8 29/17/25
f 28/16/25 29/17/25 8/4/8
f 12/6/12 10/5/10 30/18/25
f 29/17/25 30/18/25 10/5/10
f 14/7/14 12/6/12 31/19/26
f 30/18/25 31/19/26 12/6/12
f 16/8/16 14/7/14 32/20/25
f 31/19/26 32/20/25 14/7/14
f 18/9/18 16/8/16 33/21/25
f 32/20/25 33/21/25 16/8/16
f 20/10/20 18/9/18 34/22/25
f 33/21/25 34/22/25 18/9/18
f 22/11/22 20/10/20 35/23/26
f 34/22/25 35/23/26 20/10/20
f 24/12/24 22/11/22 36/24/25
f 35/23/26 36/24/25 22/11/22
f 4/2/4 24/12/24 26/14/26
f 36/24/25 26/14/26 24/12/24
f 37/3/26 39/2/26 38/1/25
f 40/11/25 39/2/26 37/3/26
f 41/7/26 40/11/25 37/3/26
f 42/5/26 41/7/26 37/3/26
f 43/4/25 42/5/26 37/3/26
f 44/6/26 41/7/26 42/5/26
f 45/9/25 40/11/25 41/7/26
f 46/8/27 45/9/25 41/7/26
f 47/10/25 40/11/25 45/9/25
f 48/12/25 39/2/26 40/11/25
f 49/25/28 51/26/29 50/27/13
f 52/28/30 50/27/13 51/26/29
f 51/26/29 53/29/31 52/28/30
f 54/30/17 52/28/30 53/29/31
f 53/29/31 55/31/32 54/30/17
f 56/32/19 54/30/17 55/31/32
f 55/31/32 57/33/33 56/32/19
f 58/34/21 56/32/19 57/33/33
f 57/33/33 59/35/34 58/34/21
f 60/36/34 58/34/21 59/35/34
f 61/37/35 63/38/36 62/39/35
f 64/40/2 62/39/35 63/38/36
f 63/38/36 65/41/37 64/40/2
f 66/42/1 64/40/2 65/41/37
f 65/41/37 67/43/38 66/42/1
f 68/44/5 66/42/1 67/43/38
f 67/43/38 69/45/39 68/44/5
f 70/46/7 68/44/5 69/45/39
f 69/45/39 71/47/40 70/46/7
f 72/48/9 70/46/7 71/47/40
f 71/47/40 73/49/41 72/48/9
f 74/50/41 72/48/9 73/49/41
f 75/49/42 49/25/28 76/50/42
f 50/27/13 76/50/42 49/25/28
f 77/51/43 79/52/44 78/53/43
f 80/54/44 79/52/44 77/51/43
f 81/55/43 80/54/44 77/51/43
f 82/56/43 81/55/43 77/51/43
f 83/57/44 82/56/43 77/51/43
f 84/58/44 81/55/43 82/56/43
f 85/59/43 80/54/44 81/55/43
f 86/60/43 85/59/43 81/55/43
f 87/61/44 80/54/44 85/59/43
f 88/62/44 79/52/44 80/54/44
f 89/1/45 91/2/46 90/1/47
f 92/2/48 90/1/47 91/2/46
f 93/3/49 89/1/45 94/3/50
f 90/1/47 94/3/50 89/1/45
f 95/4/51 93/3/49 96/4/52
f 94/3/50 96/4/52 93/3/49
f 97/5/53 95/4/51 98/5/54
f 96/4/52 98/5/54 95/4/51
f 99/6/55 97/5/53 100/6/56
f 98/5/54 100/6/56 97/5/53
f 101/7/57 99/6/55 102/7/58
f 100/6/56 102/7/58 99/6/55
f 103/8/59 101/7/57 104/8/60
f 102/7/58 104/8/60 101/7/57
f 105/9/61 103/8/59 106/9/62
f 104/8/60 106/9/62 103/8/59
f 107/10/63 105/9/61 108/10/64
f 106/9/62 108/10/64 105/9/61
f 109/11/65 107/10/63 110/11/66
f 108/10/64 110/11/66 107/10/63
f 111/12/67 109/11/65 112/12/68
f 110/11/66 112/12/68 109/11/65
f 91/2/46 111/12/67 92/2/48
f 112/12/68 92/2/48 111/12/67
f 90/1/47 92/2/48 113/13/44
f 114/14/44 113/13/44 92/2/48
f 94/3/50 90/1/47 115/15/43
f 113/13/44 115/15/43 90/1/47
f 96/4/52 94/3/50 116/16/43
f 115/15/43 116/16/43 94/3/50
f 98/5/54 96/4/52 117/17/43
f 116/16/43 117/17/43 96/4/52
f 100/6/56 98/5/54 118/18/43
f 117/17/43 118/18/43 98/5/54
f 102/7/58 100/6/56 119/19/44
f 118/18/43 119/19/44 100/6/56
f 104/8/60 102/7/58 120/20/43
f 119/19/44 120/20/43 102/7/58
f 106/9/62 104/8/60 121/21/44
f 120/20/43 121/21/44 104/8/60
f 108/10/64 106/9/62 122/22/43
f 121/21/44 122/22/43 106/9/62
f 110/11/66 108/10/64 123/23/43
f 122/22/43 123/23/43 108/10/64
f 112/12/68 110/11/66 124/24/43
f 123/23/43 124/24/43 110/11/66
f 92/2/48 112/12/68 114/14/44
f 124/24/43 114/14/44 112/12/68
f 125/3/44 127/2/44 126/1/69
f 128/11/43 127/2/44 125/3/44
f 129/7/43 128/11/43 125/3/44
f 130/5/43 129/7/43 125/3/44
f 131/4/43 130/5/43 125/3/44
f 132/6/43 129/7/43 130/5/43
f 133/9/43 128/11/43 129/7/43
f 134/8/44 133/9/43 129/7/43
f 135/10/44 128/11/43 133/9/43
f 136/12/43 127/2/44 128/11/43
f 137/25/70 139/26/71 138/27/57
f 140/28/72 138/27/57 139/26/71
f 139/26/71 141/29/73 140/28/72
f 142/30/61 140/28/72 141/29/73
f 141/29/73 143/31/74 142/30/61
f 144/32/63 142/30/61 143/31/74
f 143/31/74 145/33/75 144/32/63
f 146/34/65 144/32/63 145/33/75
f 145/33/75 147/35/76 146/34/65
f 148/36/76 146/34/65 147/35/76
f 149/37/77 151/38/78 150/39/77
f 152/40/46 150/39/77 151/38/78
f 151/38/78 153/41/79 152/40/46
f 154/42/80 152/40/46 153/41/79
f 153/41/79 155/43/81 154/42/80
f 156/44/49 154/42/80 155/43/81
f 155/43/81 157/45/82 156/44/49
f 158/46/51 156/44/49 157/45/82
f 157/45/82 159/47/83 158/46/51
f 160/48/84 158/46/51 159/47/83
f 159/47/83 161/49/85 160/48/84
f 162/50/85 160/48/84 161/49/85
f 163/49/86 137/25/70 164/50/87
f 138/27/57 164/50/87 137/25/70
f 165/51/26 167/52/25 166/53/26
f 168/54/26 167/52/25 165/51/26
f 169/55/25 168/54/26 165/51/26
f 170/56/25 169/55/25 165/51/26
f 171/57/26 170/56/25 165/51/26
f 172/58/25 169/55/25 170/56/25
f 173/59/26 168/54/26 169/55/25
f 174/60/26 173/59/26 169/55/25
f 175/61/26 168/54/26 173/59/26
f 176/62/25 167/52/25 168/54/26
f 177/1/45 179/2/46 178/1/47
f 180/2/48 178/1/47 179/2/46
f 181/3/49 177/1/45 182/3/88
f 178/1/47 182/3/88 177/1/45
f 183/4/51 181/3/49 184/4/52
f 182/3/88 184/4/52 181/3/49
f 185/5/84 183/4/51 186/5/54
f 184/4/52 186/5/54 183/4/51
f 187/6/89 185/5/84 188/6/56
f 186/5/54 188/6/56 185/5/84
f 189/7/57 187/6/89 190/7/58
f 188/6/56 190/7/58 187/6/89
f 191/8/59 189/7/57 192/8/60
f 190/7/58 192/8/60 189/7/57
f 193/9/61 191/8/59 194/9/90
f 192/8/60 194/9/90 191/8/59
f 195/10/91 193/9/61 196/10/92
f 194/9/90 196/10/92 193/9/61
f 197/11/93 195/10/91 198/11/66
f 196/10/92 198/11/66 195/10/91
f 199/12/94 197/11/93 200/12/68
f 198/11/66 200/12/68 197/11/93
f 179/2/46 199/12/94 180/2/48
f 200/12/68 180/2/48 199/12/94
f 178/1/47 180/2/48 201/13/44
f 202/14/44 201/13/44 180/2/48
f 182/3/88 178/1/47 203/15/44
f 201/13/44 203/15/44 178/1/47
f 184/4/52 182/3/88 204/16/43
f 203/15/44 204/16/43 182/3/88
f 186/5/54 184/4/52 205/17/43
f 204/16/43 205/17/43 184/4/52
f 188/6/56 186/5/54 206/18/43
f 205/17/43 206/18/43 186/5/54
f 190/7/58 188/6/56 207/19/43
f 206/18/43 207/19/43 188/6/56
f 192/8/60 190/7/58 208/20/43
f 207/19/43 208/20/43 190/7/58
f 194/9/90 192/8/60 209/21/43
f 208/20/43 209/21/43 192/8/60
f 196/10/92 194/9/90 210/22/43
f 209/21/43 210/22/43 194/9/90
f 198/11/66 196/10/92 211/23/44
f 210/22/43 211/23/44 196/10/92
f 200/12/68 198/11/66 212/24/43
f 211/23/44 212/24/43 198/11/66
f 180/2/48 200/12/68 202/14/44
f 212/24/43 202/14/44 200/12/68
f 213/3/44 215/2/44 214/1/43
f 216/11/44 215/2/44 213/3/44
f 217/7/43 216/11/44 213/3/44
f 218/5/44 217/7/43 213/3/44
f 219/4/44 218/5/44 213/3/44
f 220/6/44 217/7/43 218/5/44
f 221/9/44 216/11/44 217/7/43
f 222/8/43 221/9/44 217/7/43
f 223/10/43 216/11/44 221/9/44
f 224/12/44 215/2/44 216/11/44
f 225/25/70 227/26/71 226/27/57
f 228/28/72 226/27/57 227/26/71
f 227/26/71 229/29/73 228/28/72
f 230/30/61 228/28/72 229/29/73
f 229/29/73 231/31/74 230/30/61
f 232/32/63 230/30/61 231/31/74
f 231/31/74 233/33/75 232/32/63
f 234/34/65 232/32/63 233/33/75
f 233/33/75 235/35/76 234/34/65
f 236/36/76 234/34/65 235/35/76
f 237/37/95 239/38/78 238/39/95
f 240/40/46 238/39/95 239/38/78
f 239/38/78 241/41/79 240/40/46
f 242/42/45 240/40/46 241/41/79
f 241/41/79 243/43/81 242/42/45
f 244/44/49 242/42/45 243/43/81
f 243/43/81 245/45/82 244/44/49
f 246/46/51 244/44/49 245/45/82
f 245/45/82 247/47/83 246/46/51
f 248/48/84 246/46/51 247/47/83
f 247/47/83 249/49/85 248/48/84
f 250/50/85 248/48/84 249/49/85
f 251/49/87 225/25/70 252/50/87
f 226/27/57 252/50/87 225/25/70
f 253/51/25 255/52/26 254/53/25
f 256/54/26 255/52/26 253/51/25
f 257/55/25 256/54/26 253/51/25
f 258/56/26 257/55/25 253/51/25
f 259/57/25 258/56/26 253/51/25
f 260/58/25 257/55/25 258/56/26
f 261/59/25 256/54/26 257/55/25
f 262/60/25 261/59/25 257/55/25
f 263/61/26 256/54/26 261/59/25
f 264/62/25 255/52/26 256/54/26
f 265/1/1 267/2/2 266/1/3
f 268/2/4 266/1/3 267/2/2
f 269/3/5 265/1/1 270/3/6
f 266/1/3 270/3/6 265/1/1
f 271/4/7 269/3/5 272/4/8
f 270/3/6 272/4/8 269/3/5
f 273/5/9 271/4/7 274/5/10
f 272/4/8 274/5/10 271/4/7
f 275/6/11 273/5/9 276/6/96
f 274/5/10 276/6/96 273/5/9
f 277/7/13 275/6/11 278/7/14
f 276/6/96 278/7/14 275/6/11
f 279/8/15 277/7/13 280/8/97
f 278/7/14 280/8/97 277/7/13
f 281/9/17 279/8/15 282/9/18
f 280/8/97 282/9/18 279/8/15
f 283/10/19 281/9/17 284/10/20
f 282/9/18 284/10/20 281/9/17
f 285/11/21 283/10/19 286/11/22
f 284/10/20 286/11/22 283/10/19
f 287/12/98 285/11/21 288/12/24
f 286/11/22 288/12/24 285/11/21
f 267/2/2 287/12/98 268/2/4
f 288/12/24 268/2/4 287/12/98
f 266/1/3 268/2/4 289/13/26
f 290/14/26 289/13/26 268/2/4
f 270/3/6 266/1/3 291/15/26
f 289/13/26 291/15/26 266/1/3
f 272/4/8 270/3/6 292/16/26
f 291/15/26 292/16/26 270/3/6
f 274/5/10 272/4/8 293/17/25
f 292/16/26 293/17/25 272/4/8
f 276/6/96 274/5/10 294/18/25
f 293/17/25 294/18/25 274/5/10
f 278/7/14 276/6/96 295/19/25
f 294/18/25 295/19/25 276/6/96
f 280/8/97 278/7/14 296/20/25
f 295/19/25 296/20/25 278/7/14
f 282/9/18 280/8/97 297/21/26
f 296/20/25 297/21/26 280/8/97
f 284/10/20 282/9/18 298/22/26
f 297/21/26 298/22/26 282/9/18
f 286/11/22 284/10/20 299/23/26
f 298/22/26 299/23/26 284/10/20
f 288/12/24 286/11/22 300/24/26
f 299/23/26 300/24/26 286/11/22
f 268/2/4 288/12/24 290/14/26
f 300/24/26 290/14/26 288/12/24
f 301/3/26 303/2/25 302/1/26
f 304/11/25 303/2/25 301/3/26
f 305/7/26 304/11/25 301/3/26
f 306/5/26 305/7/26 301/3/26
f 307/4/25 306/5/26 301/3/26
f 308/6/26 305/7/26 306/5/26
f 309/9/26 304/11/25 305/7/26
f 310/8/26 309/9/26 305/7/26
f 311/10/26 304/11/25 309/9/26
f 312/12/25 303/2/25 304/11/25
f 313/25/28 315/26/29 314/27/13
f 316/28/15 314/27/13 315/26/29
f 315/26/29 317/29/31 316/28/15
f 318/30/17 316/28/15 317/29/31
f 317/29/31 319/31/32 318/30/17
f 320/32/19 318/30/17 319/31/32
f 319/31/32 321/33/33 320/32/19
f 322/34/21 320/32/19 321/33/33
f 321/33/33 323/35/34 322/34/21
f 324/36/34 322/34/21 323/35/34
f 325/37/99 327/38/36 326/39/99
f 328/40/2 326/39/99 327/38/36
f 327/38/36 329/41/100 328/40/2
f 330/42/1 328/40/2 329/41/100
f 329/41/100 331/43/38 330/42/1
f 332/44/5 330/42/1 331/43/38
f 331/43/38 333/45/39 332/44/5
f 334/46/7 332/44/5 333/45/39
f 333/45/39 335/47/40 334/46/7
f 336/48/9 334/46/7 335/47/40
f 335/47/40 337/49/41 336/48/9
f 338/50/41 336/48/9 337/49/41
f 339/49/42 313/25/28 340/50/42
f 314/27/13 340/50/42 313/25/28
f 341/51/44 343/52/43 342/53/44
f 344/54/43 343/52/43 341/51/44
f 345/55/43 344/54/43 341/51/44
f 346/56/43 345/55/43 341/51/44
f 347/57/44 346/56/43 341/51/44
f 348/58/43 345/55/43 346/56/43
f 349/59/44 344/54/43 345/55/43
f 350/60/43 349/59/44 345/55/43
f 351/61/43 344/54/43 349/59/44
f 352/62/43 343/52/43 344/54/43
f 353/63/26 355/64/26 354/65/26
f 356/66/26 355/64/26 353/63/26
f 357/67/26 355/64/26 356/66/26
f 358/63/43 360/67/44 359/66/43
f 361/65/44 360/67/44 358/63/43
f 362/64/44 360/67/44 361/65/44
f 363/68/101 365/69/102 364/70/103
f 366/71/104 364/70/103 365/69/102
f 367/72/105 369/68/106 368/73/107
f 370/70/108 368/73/107 369/68/106
f 371/74/109 367/72/105 372/75/110
f 368/73/107 372/75/110 367/72/105
f 373/76/111 371/74/109 374/77/112
f 372/75/110 374/77/112 371/74/109
f 365/69/102 375/76/113 366/71/104
f 376/77/113 366/71/104 375/76/113
f 377/78/114 379/79/115 378/80/116
f 380/81/117 378/80/116 379/79/115
f 379/79/115 381/82/118 380/81/117
f 382/83/119 380/81/117 381/82/118
f 383/84/120 377/78/114 384/85/121
f 378/80/116 384/85/121 377/78/114
f 385/86/122 383/84/120 386/87/123
f 384/85/121 386/87/123 383/84/120
f 387/88/124 385/86/122 388/89/125
f 386/87/123 388/89/125 385/86/122
f 389/90/126 387/88/124 390/91/127
f 388/89/125 390/91/127 387/88/124
f 391/92/128 389/90/126 392/93/129
f 390/91/127 392/93/129 389/90/126
f 393/94/130 391/92/128 394/95/131
f 392/93/129 394/95/131 391/92/128
f 395/96/132 393/94/130 396/97/133
f 394/95/131 396/97/133 393/94/130
f 397/98/134 395/96/132 398/99/135
f 396/97/133 398/99/135 395/96/132
f 399/100/136 397/98/134 400/101/137
f 398/99/135 400/101/137 397/98/134
f 381/82/118 399/100/136 382/83/119
f 400/101/137 382/83/119 399/100/136
f 401/63/25 403/64/25 402/65/25
f 404/66/25 403/64/25 401/63/25
f 405/67/25 403/64/25 404/66/25
f 406/63/43 408/67/43 407/66/43
f 409/65/44 408/67/43 406/63/43
f 410/64/43 408/67/43 409/65/44
f 411/68/103 413/69/102 412/70/103
f 414/71/138 412/70/103 413/69/102
f 415/72/105 417/68/106 416/73/107
f 418/70/106 416/73/107 417/68/106
f 419/74/109 415/72/105 420/75/139
f 416/73/107 420/75/139 415/72/105
f 421/76/111 419/74/109 422/77/112
f 420/75/139 422/77/112 419/74/109
f 413/69/102 423/76/113 414/71/138
f 424/77/113 414/71/138 423/76/113
f 425/102/140 427/103/141 426/104/142
f 428/105/143 426/104/142 427/103/141
f 429/106/26 431/107/25 430/108/26
f 432/109/26 430/108/26 431/107/25
f 428/105/143 427/103/141 433/110/144
f 434/111/144 433/110/144 427/103/141
f 435/108/43 437/109/44 436/106/44
f 438/107/44 436/106/44 437/109/44
f 439/112/145 441/113/145 440/114/145
f 442/115/145 440/114/145 441/113/145
f 429/106/26 430/108/26 443/116/26
f 444/117/26 443/116/26 430/108/26
f 445/110/146 447/111/146 446/118/146
f 448/119/146 446/118/146 447/111/146
f 435/108/43 436/106/44 449/117/43
f 450/116/44 449/117/43 436/106/44
f 451/120/147 453/121/148 452/122/149
f 454/123/150 452/122/149 453/121/148
f 455/124/151 457/125/152 456/126/151
f 458/127/153 456/126/151 457/125/152
f 459/118/154 460/119/154 453/121/148
f 454/123/150 453/121/148 460/119/154
f 451/120/147 452/122/149 457/125/152
f 458/127/153 457/125/152 452/122/149
f 461/128/95 462/129/95 426/104/142
f 425/102/140 426/104/142 462/129/95
f 443/116/26 464/130/26 463/131/26
f 444/117/26 464/130/26 443/116/26
f 465/132/155 464/130/26 444/117/26
f 450/116/44 466/132/43 449/117/43
f 467/131/43 466/132/43 450/116/44
f 468/130/43 466/132/43 467/131/43
f 469/133/87 471/134/87 470/135/87
f 472/136/87 470/135/87 471/134/87
f 473/137/95 475/138/95 474/139/95
f 476/140/95 474/139/95 475/138/95
f 477/141/145 479/142/145 478/143/145
f 480/144/145 478/143/145 479/142/145
f 481/144/154 483/142/154 482/143/154
f 484/141/154 482/143/154 483/142/154
f 485/102/140 487/103/141 486/104/142
f 488/105/143 486/104/142 487/103/141
f 489/106/26 491/107/25 490/108/25
f 492/109/26 490/108/25 491/107/25
f 488/105/143 487/103/141 493/110/154
f 494/111/154 493/110/154 487/103/141
f 495/108/43 497/109/44 496/106/43
f 498/107/44 496/106/43 497/109/44
f 499/112/145 501/113/145 500/114/145
f 502/115/145 500/114/145 501/113/145
f 489/106/26 490/108/25 503/116/26
f 504/117/25 503/116/26 490/108/25
f 505/110/146 507/111/146 506/118/146
f 508/119/146 506/118/146 507/111/146
f 495/108/43 496/106/43 509/117/43
f 510/116/43 509/117/43 496/106/43
f 511/120/147 513/121/148 512/122/149
f 514/123/150 512/122/149 513/121/148
f 515/124/156 517/125/152 516/126/151
f 518/127/157 516/126/151 517/125/152
f 519/118/154 520/119/154 513/121/148
f 514/123/150 513/121/148 520/119/154
f 511/120/147 512/122/149 517/125/152
f 518/127/157 517/125/152 512/122/149
f 521/128/95 522/129/95 486/104/142
f 485/102/140 486/104/142 522/129/95
f 503/116/26 524/130/26 523/131/26
f 504/117/25 524/130/26 503/116/26
f 525/132/25 524/130/26 504/117/25
f 510/116/43 526/132/43 509/117/43
f 527/131/44 526/132/43 510/116/43
f 528/130/44 526/132/43 527/131/44
f 529/145/158 531/146/159 530/147/160
f 532/148/161 530/147/160 531/146/159
f 533/149/162 529/145/158 534/150/163
f 530/147/160 534/150/163 529/145/158
f 535/151/164 533/149/162 536/152/165
f 534/150/163 536/152/165 533/149/162
f 537/153/166 539/154/167 538/155/168
f 540/156/169 538/155/168 539/154/167
f 541/157/170 537/153/166 542/158/171
f 538/155/168 542/158/171 537/153/166
f 543/159/172 541/157/170 544/160/173
f 542/158/171 544/160/173 541/157/170
f 545/161/174 543/159/172 546/162/175
f 544/160/173 546/162/175 543/159/172
f 547/163/176 545/161/174 548/164/177
f 546/162/175 548/164/177 545/161/174
f 549/165/178 547/163/176 550/166/179
f 548/164/177 550/166/179 547/163/176
f 551/167/180 549/165/178 552/168/181
f 550/166/179 552/168/181 549/165/178
f 553/169/182 551/167/180 554/170/183
f 552/168/181 554/170/183 551/167/180
f 531/146/159 553/169/182 532/148/161
f 554/170/183 532/148/161 553/169/182
f 555/171/184 557/172/185 556/173/186
f 558/174/187 556/173/186 557/172/185
f 559/175/188 555/171/184 560/176/189
f 556/173/186 560/176/189 555/171/184
f 561/177/190 559/175/188 562/178/191
f 560/176/189 562/178/191 559/175/188
f 563/179/192 561/177/190 564/180/193
f 562/178/191 564/180/193 561/177/190
f 565/181/194 563/179/192 566/182/195
f 564/180/193 566/182/195 563/179/192
f 567/183/196 565/181/194 568/184/197
f 566/182/195 568/184/197 565/181/194
f 569/185/198 567/183/196 570/186/199
f 568/184/197 570/186/199 567/183/196
f 571/187/200 569/185/198 572/188/201
f 570/186/199 572/188/201 569/185/198
f 573/189/202 575/190/203 574/191/204
f 576/192/205 574/191/204 575/190/203
f 577/193/206 573/189/202 578/194/207
f 574/191/204 578/194/207 573/189/202
f 579/195/208 577/193/206 580/196/209
f 578/194/207 580/196/209 577/193/206
f 557/172/185 579/195/208 558/174/187
f 580/196/209 558/174/187 579/195/208
f 581/167/210 583/169/211 582/171/212
f 584/172/213 582/171/212 583/169/211
f 585/165/214 581/167/210 586/175/215
f 582/171/212 586/175/215 581/167/210
f 587/163/216 585/165/214 588/177/217
f 586/175/215 588/177/217 585/165/214
f 589/161/218 587/163/216 590/179/219
f 588/177/217 590/179/219 587/163/216
f 591/159/220 589/161/218 592/181/221
f 590/179/219 592/181/221 589/161/218
f 593/157/222 591/159/220 594/183/223
f 592/181/221 594/183/223 591/159/220
f 595/153/224 593/157/222 596/185/225
f 594/183/223 596/185/225 593/157/222
f 597/154/226 595/153/224 598/187/227
f 596/185/225 598/187/227 595/153/224
f 599/149/228 601/151/229 600/189/230
f 602/190/231 600/189/230 601/151/229
f 603/145/232 599/149/228 604/193/233
f 600/189/230 604/193/233 599/149/228
f 605/146/234 603/145/232 606/195/235
f 604/193/233 606/195/235 603/145/232
f 583/169/211 605/146/234 584/172/213
f 606/195/235 584/172/213 605/146/234
f 607/197/236 609/198/237 608/199/238
f 610/200/239 608/199/238 609/198/237
f 611/201/240 607/197/236 612/202/241
f 608/199/238 612/202/241 607/197/236
f 613/203/242 611/201/240 614/204/242
f 612/202/241 614/204/242 611/201/240
f 615/205/243 617/206/244 616/207/245
f 618/208/246 616/207/245 617/206/244
f 619/209/247 615/205/243 620/210/248
f 616/207/245 620/210/248 615/205/243
f 621/211/249 619/209/247 622/212/250
f 620/210/248 622/212/250 619/209/247
f 623/213/251 621/211/249 624/214/252
f 622/212/250 624/214/252 621/211/249
f 625/215/253 623/213/251 626/216/254
f 624/214/252 626/216/254 623/213/251
f 627/217/255 625/215/253 628/218/256
f 626/216/254 628/218/256 625/215/253
f 629/219/257 627/217/255 630/220/258
f 628/218/256 630/220/258 627/217/255
f 631/221/259 629/219/257 632/222/260
f 630/220/258 632/222/260 629/219/257
f 609/198/237 631/221/259 610/200/239
f 632/222/260 610/200/239 631/221/259
f 633/223/261 635/224/262 634/225/263
f 636/226/264 634/225/263 635/224/262
f 637/227/162 633/223/261 638/228/265
f 634/225/263 638/228/265 633/223/261
f 639/229/164 637/227/162 640/230/164
f 638/228/265 640/230/164 637/227/162
f 641/231/266 643/232/167 642/233/267
f 644/234/167 642/233/267 643/232/167
f 645/235/268 641/231/266 646/236/269
f 642/233/267 646/236/269 641/231/266
f 647/237/270 645/235/268 648/238/271
f 646/236/269 648/238/271 645/235/268
f 649/239/272 647/237/270 650/240/273
f 648/238/271 650/240/273 647/237/270
f 651/241/274 649/239/272 652/242/275
f 650/240/273 652/242/275 649/239/272
f 653/243/276 651/241/274 654/244/277
f 652/242/275 654/244/277 651/241/274
f 655/245/278 653/243/276 656/246/279
f 654/244/277 656/246/279 653/243/276
f 657/247/280 655/245/278 658/248/281
f 656/246/279 658/248/281 655/245/278
f 635/224/262 657/247/280 636/226/264
f 658/248/281 636/226/264 657/247/280
f 659/225/282 661/226/283 660/249/284
f 662/250/285 660/249/284 661/226/283
f 663/228/286 659/225/282 664/251/287
f 660/249/284 664/251/287 659/225/282
f 665/230/288 663/228/286 666/252/288
f 664/251/287 666/252/288 663/228/286
f 667/233/289 669/234/290 668/253/291
f 670/254/290 668/253/291 669/234/290
f 671/236/292 667/233/289 672/255/293
f 668/253/291 672/255/293 667/233/289
f 673/238/294 671/236/292 674/256/295
f 672/255/293 674/256/295 671/236/292
f 675/240/296 673/238/294 676/257/297
f 674/256/295 676/257/297 673/238/294
f 677/242/298 675/240/296 678/258/299
f 676/257/297 678/258/299 675/240/296
f 679/244/300 677/242/298 680/259/301
f 678/258/299 680/259/301 677/242/298
f 681/246/302 679/244/300 682/260/302
f 680/259/301 682/260/302 679/244/300
f 683/248/303 681/246/302 684/261/304
f 682/260/302 684/261/304 681/246/302
f 661/226/283 683/248/303 662/250/285
f 684/261/304 662/250/285 683/248/303
f 685/249/261 687/250/262 686/262/263
f 688/263/264 686/262/263 687/250/262
f 689/251/305 685/249/261 690/264/265
f 686/262/263 690/264/265 685/249/261
f 691/252/306 689/251/305 692/265/306
f 690/264/265 692/265/306 689/251/305
f 693/253/266 695/254/307 694/266/267
f 696/267/307 694/266/267 695/254/307
f 697/255/268 693/253/266 698/268/269
f 694/266/267 698/268/269 693/253/266
f 699/256/270 697/255/268 700/269/271
f 698/268/269 700/269/271 697/255/268
f 701/257/272 699/256/270 702/270/273
f 700/269/271 702/270/273 699/256/270
f 703/258/274 701/257/272 704/271/308
f 702/270/273 704/271/308 701/257/272
f 705/259/276 703/258/274 706/272/277
f 704/271/308 706/272/277 703/258/274
f 707/260/309 705/259/276 708/273/279
f 706/272/277 708/273/279 705/259/276
f 709/261/280 707/260/309 710/274/310
f 708/273/279 710/274/310 707/260/309
f 687/250/262 709/261/280 688/263/264
f 710/274/310 688/263/264 709/261/280
f 711/262/311 713/263/312 712/194/313
f 714/196/314 712/194/313 713/263/312
f 715/264/315 711/262/311 716/191/316
f 712/194/313 716/191/316 711/262/311
f 717/265/317 715/264/315 718/192/317
f 716/191/316 718/192/317 715/264/315
f 719/266/318 721/267/319 720/186/320
f 722/188/319 720/186/320 721/267/319
f 723/268/321 719/266/318 724/184/322
f 720/186/320 724/184/322 719/266/318
f 725/269/323 723/268/321 726/182/324
f 724/184/322 726/182/324 723/268/321
f 727/270/325 725/269/323 728/180/326
f 726/182/324 728/180/326 725/269/323
f 729/271/327 727/270/325 730/178/328
f 728/180/326 730/178/328 727/270/325
f 731/272/329 729/271/327 732/176/329
f 730/178/328 732/176/329 729/271/327
f 733/273/330 731/272/329 734/173/331
f 732/176/329 734/173/331 731/272/329
f 735/274/332 733/273/330 736/174/333
f 734/173/331 736/174/333 733/273/330
f 713/263/312 735/274/332 714/196/314
f 736/174/333 714/196/314 735/274/332
f 737/147/334 739/148/335 738/197/336
f 740/198/337 738/197/336 739/148/335
f 741/150/338 737/147/334 742/201/339
f 738/197/336 742/201/339 737/147/334
f 743/152/340 741/150/338 744/203/341
f 742/201/339 744/203/341 741/150/338
f 745/155/342 747/156/343 746/205/344
f 748/206/345 746/205/344 747/156/343
f 749/158/346 745/155/342 750/209/347
f 746/205/344 750/209/347 745/155/342
f 751/160/348 749/158/346 752/211/349
f 750/209/347 752/211/349 749/158/346
f 753/162/350 751/160/348 754/213/351
f 752/211/349 754/213/351 751/160/348
f 755/164/352 753/162/350 756/215/353
f 754/213/351 756/215/353 753/162/350
f 757/166/354 755/164/352 758/217/355
f 756/215/353 758/217/355 755/164/352
f 759/168/356 757/166/354 760/219/357
f 758/217/355 760/219/357 757/166/354
f 761/170/358 759/168/356 762/221/359
f 760/219/357 762/221/359 759/168/356
f 739/148/335 761/170/358 740/198/337
f 762/221/359 740/198/337 761/170/358
f 763/199/360 765/200/361 764/275/362
f 766/276/363 764/275/362 765/200/361
f 767/202/364 763/199/360 768/277/365
f 764/275/362 768/277/365 763/199/360
f 769/204/366 767/202/364 770/278/366
f 768/277/365 770/278/366 767/202/364
f 771/207/367 773/208/368 772/279/369
f 774/280/368 772/279/369 773/208/368
f 775/210/370 771/207/367 776/281/371
f 772/279/369 776/281/371 771/207/367
f 777/212/372 775/210/370 778/282/373
f 776/281/371 778/282/373 775/210/370
f 779/214/374 777/212/372 780/283/375
f 778/282/373 780/283/375 777/212/372
f 781/216/376 779/214/374 782/284/377
f 780/283/375 782/284/377 779/214/374
f 783/218/378 781/216/376 784/285/379
f 782/284/377 784/285/379 781/216/376
f 785/220/380 783/218/378 786/286/381
f 784/285/379 786/286/381 783/218/378
f 787/222/382 785/220/380 788/287/383
f 786/286/381 788/287/383 785/220/380
f 765/200/361 787/222/382 766/276/363
f 788/287/383 766/276/363 787/222/382
f 789/275/384 791/276/262 790/288/385
f 792/289/264 790/288/385 791/276/262
f 793/277/386 789/275/384 794/290/387
f 790/288/385 794/290/387 789/275/384
f 795/278/388 793/277/386 796/291/388
f 794/290/387 796/291/388 793/277/386
f 797/279/389 799/280/390 798/292/391
f 800/293/390 798/292/391 799/280/390
f 801/281/392 797/279/389 802/294/393
f 798/292/391 802/294/393 797/279/389
f 803/282/270 801/281/392 804/295/271
f 802/294/393 804/295/271 801/281/392
f 805/283/394 803/282/270 806/296/395
f 804/295/271 806/296/395 803/282/270
f 807/284/396 805/283/394 808/297/397
f 806/296/395 808/297/397 805/283/394
f 809/285/398 807/284/396 810/298/399
f 808/297/397 810/298/399 807/284/396
f 811/286/400 809/285/398 812/299/401
f 810/298/399 812/299/401 809/285/398
f 813/287/402 811/286/400 814/300/403
f 812/299/401 814/300/403 811/286/400
f 791/276/262 813/287/402 792/289/264
f 814/300/403 792/289/264 813/287/402
f 815/288/404 817/289/405 816/301/406
f 818/302/407 816/301/406 817/289/405
f 819/290/408 815/288/404 820/303/409
f 816/301/406 820/303/409 815/288/404
f 821/291/410 819/290/408 822/304/410
f 820/303/409 822/304/410 819/290/408
f 823/292/411 825/293/412 824/305/413
f 826/306/412 824/305/413 825/293/412
f 827/294/414 823/292/411 828/307/415
f 824/305/413 828/307/415 823/292/411
f 829/295/416 827/294/414 830/308/417
f 828/307/415 830/308/417 827/294/414
f 831/296/418 829/295/416 832/309/419
f 830/308/417 832/309/419 829/295/416
f 833/297/420 831/296/418 834/310/421
f 832/309/419 834/310/421 831/296/418
f 835/298/422 833/297/420 836/311/423
f 834/310/421 836/311/423 833/297/420
f 837/299/424 835/298/422 838/312/425
f 836/311/423 838/312/425 835/298/422
f 839/300/426 837/299/424 840/313/427
f 838/312/425 840/313/427 837/299/424
f 817/289/405 839/300/426 818/302/407
f 840/313/427 818/302/407 839/300/426
f 841/314/428 843/315/429 842/316/430
f 844/317/431 842/316/430 843/315/429
f 845/318/432 841/314/428 846/319/432
f 842/316/430 846/319/432 841/314/428
f 847/320/433 845/318/432 848/321/434
f 846/319/432 848/321/434 845/318/432
f 849/322/435 847/320/433 850/323/436
f 848/321/434 850/323/436 847/320/433
f 851/324/437 849/322/435 852/325/438
f 850/323/436 852/325/438 849/322/435
f 853/326/439 851/324/437 854/327/440
f 852/325/438 854/327/440 851/324/437
f 855/328/441 853/326/439 856/329/442
f 854/327/440 856/329/442 853/326/439
f 857/330/443 855/328/441 858/331/443
f 856/329/442 858/331/443 855/328/441
f 859/332/444 861/333/445 860/334/446
f 862/335/445 860/334/446 861/333/445
f 863/336/447 859/332/444 864/337/448
f 860/334/446 864/337/448 859/332/444
f 865/338/449 863/336/447 866/339/450
f 864/337/448 866/339/450 863/336/447
f 843/315/429 865/338/449 844/317/431
f 866/339/450 844/317/431 865/338/449
f 867/316/451 869/317/452 868/340/453
f 870/341/454 868/340/453 869/317/452
f 871/319/455 867/316/451 872/342/456
f 868/340/453 872/342/456 867/316/451
f 873/321/457 871/319/455 874/343/458
f 872/342/456 874/343/458 871/319/455
f 875/323/459 873/321/457 876/344/460
f 874/343/458 876/344/460 873/321/457
f 877/325/461 875/323/459 878/345/462
f 876/344/460 878/345/462 875/323/459
f 879/327/463 877/325/461 880/346/464
f 878/345/462 880/346/464 877/325/461
f 881/329/465 879/327/463 882/347/466
f 880/346/464 882/347/466 879/327/463
f 883/331/467 881/329/465 884/348/468
f 882/347/466 884/348/468 881/329/465
f 885/334/469 887/335/470 886/349/471
f 888/350/472 886/349/471 887/335/470
f 889/337/473 885/334/469 890/351/474
f 886/349/471 890/351/474 885/334/469
f 891/339/475 889/337/473 892/352/476
f 890/351/474 892/352/476 889/337/473
f 869/317/452 891/339/475 870/341/454
f 892/352/476 870/341/454 891/339/475
f 868/340/453 870/341/454 893/353/477
f 894/354/478 893/353/477 870/341/454
f 872/342/456 868/340/453 895/355/479
f 893/353/477 895/355/479 868/340/453
f 874/343/458 872/342/456 896/356/480
f 895/355/479 896/356/480 872/342/456
f 876/344/460 874/343/458 897/357/481
f 896/356/480 897/357/481 874/343/458
f 878/345/462 876/344/460 898/358/482
f 897/357/481 898/358/482 876/344/460
f 880/346/464 878/345/462 899/359/483
f 898/358/482 899/359/483 878/345/462
f 882/347/466 880/346/464 900/360/484
f 899/359/483 900/360/484 880/346/464
f 884/348/468 882/347/466 901/361/485
f 900/360/484 901/361/485 882/347/466
f 886/349/471 888/350/472 902/362/486
f 903/363/487 902/362/486 888/350/472
f 890/351/474 886/349/471 904/364/488
f 902/362/486 904/364/488 886/349/471
f 892/352/476 890/351/474 905/365/489
f 904/364/488 905/365/489 890/351/474
f 870/341/454 892/352/476 894/354/478
f 905/365/489 894/354/478 892/352/476
f 397/98/134 393/94/130 395/96/132
f 389/90/126 393/94/130 397/98/134
f 377/78/114 389/90/126 397/98/134
f 381/82/118 377/78/114 397/98/134
f 399/100/136 381/82/118 397/98/134
f 379/79/115 377/78/114 381/82/118
f 385/86/122 389/90/126 377/78/114
f 383/84/120 385/86/122 377/78/114
f 387/88/124 389/90/126 385/86/122
f 391/92/128 393/94/130 389/90/126
f 906/366/490 908/367/490 907/368/490
f 909/369/490 908/367/490 906/366/490
f 910/370/490 909/369/490 906/366/490
f 911/371/490 910/370/490 906/366/490
f 912/372/491 911/371/490 906/366/490
f 913/373/492 910/370/490 911/371/490
f 914/374/490 909/369/490 910/370/490
f 915/375/492 914/374/490 910/370/490
f 916/376/490 909/369/490 914/374/490
f 917/377/493 908/367/490 909/369/490
f 918/301/494 920/302/495 919/364/496
f 921/365/497 919/364/496 920/302/495
f 922/303/498 918/301/494 923/362/499
f 919/364/496 923/362/499 918/301/494
f 924/304/500 922/303/498 925/363/500
f 923/362/499 925/363/500 922/303/498
f 926/305/501 928/306/502 927/360/503
f 929/361/502 927/360/503 928/306/502
f 930/307/504 926/305/501 931/359/505
f 927/360/503 931/359/505 926/305/501
f 932/308/506 930/307/504 933/358/507
f 931/359/505 933/358/507 930/307/504
f 934/309/508 932/308/506 935/357/509
f 933/358/507 935/357/509 932/308/506
f 936/310/510 934/309/508 937/356/511
f 935/357/509 937/356/511 934/309/508
f 938/311/512 936/310/510 939/355/513
f 937/356/511 939/355/513 936/310/510
f 940/312/514 938/311/512 941/353/515
f 939/355/513 941/353/515 938/311/512
f 942/313/516 940/312/514 943/354/517
f 941/353/515 943/354/517 940/312/514
f 920/302/495 942/313/516 921/365/497
f 943/354/517 921/365/497 942/313/516
