# Blender v2.75 (sub 0) OBJ File: 'Armedvillager.blend'
# www.blender.org
mtllib Humanchest.mtl
o World_Expansion05_doodads_ironhorde_6ih_ironhorde_chest01.m2_Ge
v 1.437296 1.126290 0.000076
v 1.502967 1.042189 0.000076
v 1.502967 1.042189 -0.725827
v 1.437278 1.126796 -0.743971
v 1.502967 1.042189 0.725981
v 0.064489 1.520072 1.156461
v -0.097067 1.495108 1.331783
v -0.349165 1.792978 -0.599333
v -0.382201 1.679536 -0.402127
v -0.382201 1.679536 -0.796539
v -0.900198 1.622816 -0.599333
v 0.314086 1.787817 -0.599333
v 0.349511 1.679536 -0.796539
v 0.349511 1.679536 -0.402127
v 0.867507 1.622246 -0.599333
v 0.349511 1.679536 0.790931
v 0.314086 1.787817 0.593725
v 0.867507 1.622246 0.593725
v 0.349511 1.679536 0.396519
v -0.349165 1.792978 0.593725
v -0.382201 1.679536 0.396519
v -0.900198 1.622815 0.593725
v -0.382201 1.679536 0.790931
v 1.681001 1.042189 -0.716990
v 1.729869 1.046175 -1.130619
v 1.246309 1.039024 -0.948435
v 0.404923 1.042189 -1.142396
v -1.762447 1.046175 -1.130619
v -0.393768 1.108112 -0.862942
v -0.431634 1.029687 -0.948435
v -0.437501 1.042189 -1.142396
v 0.321817 0.949479 -0.596776
v 0.321817 1.297738 -0.690093
v -0.362923 0.949479 -0.596776
v -0.362923 1.042114 -0.947578
v 0.321817 1.150773 -0.542053
v -0.362923 1.243408 -0.892855
v 0.321817 1.042114 -0.947578
v 0.321817 0.895150 -0.799539
v -0.362923 0.895150 -0.799539
v -0.362923 1.150775 -0.542053
v -0.362923 1.297738 -0.690093
v 0.321817 1.243408 -0.892855
v 1.681001 1.042189 0.717144
v 0.399054 1.029687 0.948588
v 1.217441 1.572473 1.031204
v 1.233320 1.642397 1.088030
v 1.215212 1.572477 0.845377
v 1.233955 1.652080 0.854094
v 1.729869 1.046174 1.130774
v 1.759012 1.045297 0.717144
v 1.618054 1.632928 1.078526
v 1.640647 1.633242 0.720324
v 1.233260 1.044709 1.155900
v -0.431634 1.029687 0.948588
v -1.265838 1.042189 1.113230
v -1.469856 1.126796 0.744124
v -1.535545 1.042189 0.725981
v -1.762447 1.046174 1.130774
v -1.526032 1.042189 0.948588
v -1.469853 1.126919 0.863373
v -1.278889 1.039023 0.948588
v -0.016290 1.385168 1.518153
v -0.097067 1.373302 1.444821
v -0.016290 1.440633 1.298796
v 1.493454 1.042189 -0.948435
v 1.437274 1.126919 -0.863219
v 1.262872 1.122913 -0.863159
v 1.233260 1.042189 -1.113076
v -1.535545 1.042189 -0.725828
v -1.526032 1.042189 -0.948435
v -1.278889 1.039024 -0.948435
v -1.265838 1.042189 -1.113076
v -0.016290 1.361436 1.371489
v 0.064489 1.208027 1.384842
v -0.016290 1.549584 1.364770
v -0.016290 1.577807 1.166569
v -0.097067 1.520072 1.156461
v -0.016290 1.462339 1.146351
v 0.064489 1.495108 1.331783
v 0.064489 1.373302 1.444821
v -0.016290 1.161116 1.436466
v -0.097067 1.208027 1.384842
v -0.016290 1.263271 1.345123
v 0.064489 1.156020 1.195676
v -0.016290 1.100111 1.214578
v -0.097067 1.156020 1.195678
v 1.493454 1.042189 0.948588
v 1.262872 1.122913 0.863314
v 1.246309 1.039023 0.948588
v 1.233260 1.042189 1.113230
v -0.016290 1.211928 1.176776
v -0.016290 1.032997 0.863765
v -0.016290 1.032414 0.000076
v 0.326487 1.033784 0.000076
v 0.316524 1.015107 -0.855150
v 0.361190 1.108112 -0.862942
v 0.399054 1.029687 -0.948435
v -0.016290 1.032997 -0.863611
v -0.016290 0.949979 -1.073032
v -0.393852 1.033593 -1.256760
v -0.387448 0.936693 -1.062823
v 0.354870 0.936693 -1.062823
v -0.016290 1.034380 -1.302023
v 0.361274 1.033593 -1.256760
v -0.349102 1.015107 -0.855150
v -1.247790 1.572478 -0.845224
v -1.650632 1.632928 -1.078373
v -1.266533 1.652080 -0.853939
v -1.265899 1.642397 -1.087875
v -1.265838 1.044709 -1.155746
v -1.791590 1.045297 -0.716991
v -1.673225 1.633242 -0.720171
v -1.713579 1.042189 -0.716991
v -1.295451 1.122913 0.863314
v -1.469856 1.126796 -0.743971
v -1.469853 1.126919 -0.863219
v -1.295451 1.122913 -0.863159
v -0.402714 1.126782 0.000076
v -1.469875 1.126290 0.000076
v -1.535545 1.042189 0.000076
v -0.359065 1.033784 0.000076
v -0.349102 1.015107 0.855304
v -0.393768 1.108112 0.863096
v 0.373725 1.718192 0.000077
v 0.343704 1.681989 -1.060372
v 0.336693 1.815006 0.000077
v -1.800706 1.042189 0.000076
v -1.594024 1.567918 0.725191
v -1.594024 1.567918 -0.725037
v -1.250019 1.572473 -1.031051
v -0.918723 1.666255 0.000076
v -1.675012 1.567918 0.000076
v -0.437501 1.042189 1.113230
v -0.376284 1.681989 1.031204
v -1.247790 1.572477 0.845377
v -1.266533 1.652080 0.854094
v -1.265899 1.642397 1.088030
v -1.250019 1.572473 1.031204
v -1.265838 1.044709 1.155900
v -1.713581 1.042189 0.717144
v -1.673226 1.633242 0.720324
v -1.650632 1.632928 1.078526
v -1.791590 1.045297 0.717144
v -0.342102 1.778804 -1.139836
v -0.016290 1.784919 -1.178059
v 0.309524 1.778804 -1.139836
v 0.404923 1.042189 1.113230
v 0.309524 1.778804 1.110669
v 0.361274 1.010214 1.190776
v -0.016290 1.784918 1.148893
v -0.016290 1.011001 1.236040
v -0.393852 1.010214 1.190776
v -0.016290 1.851962 0.000077
v -0.369273 1.815006 0.000077
v -0.342102 1.778804 1.110669
v -0.406303 1.718192 0.000077
v -0.376284 1.681989 -1.060372
v -0.016290 1.057236 1.167541
v 0.165527 1.085670 1.252480
v 0.194308 1.057237 1.167541
v 0.151771 1.607793 1.119272
v 0.128751 1.599611 1.208471
v -0.016290 1.607793 1.119272
v -0.161329 1.599611 1.208471
v -0.184349 1.607793 1.119272
v -0.016290 1.085670 1.252480
v -0.198105 1.085670 1.252480
v -0.226886 1.057237 1.167541
v -0.016290 1.599611 1.208471
v 0.354870 0.936692 1.026160
v -0.016290 0.949978 1.036370
v -0.387448 0.936692 1.026160
v 0.316524 1.015107 0.855304
v 0.361190 1.108112 0.863096
v 1.233955 1.652080 -0.853939
v 1.215212 1.572478 -0.845224
v 1.618054 1.632928 -1.078373
v 1.233260 1.044709 -1.155746
v 1.233320 1.642397 -1.087875
v 1.640647 1.633242 -0.720171
v 1.561445 1.567918 -0.725037
v 1.759012 1.045297 -0.716990
v 1.437274 1.126919 0.863373
v 0.370136 1.126782 0.000076
v 1.437278 1.126796 0.744124
v 0.859753 1.668627 0.000076
v 0.343704 1.681989 1.031204
v 1.768128 1.042189 0.000076
v 1.561445 1.567918 0.725191
v 1.642434 1.567918 0.000076
v 1.217441 1.572473 -1.031051
v -0.016290 -0.159099 0.000076
v 1.750542 -0.159100 1.042089
v 1.750542 -0.159099 0.000076
v -0.016290 -0.159099 -1.191146
v -1.783121 -0.159099 0.000076
v -1.783121 -0.159100 1.042089
v 1.306889 1.228125 0.657017
v 1.256302 0.309535 0.000076
v -1.255994 0.363587 -0.625554
v -0.016290 0.312439 -0.771100
v 1.223416 0.363587 -0.625554
v -0.016290 1.194511 -0.777559
v -1.288880 0.309535 0.000076
v -1.255994 0.363587 0.625707
v 1.223416 0.363587 0.625707
v -0.016290 0.259772 0.000076
v -0.016290 1.194511 0.638623
v -0.016290 0.312439 0.632165
v 1.916336 0.804699 0.000076
v 1.856496 0.791154 0.277748
v 2.016541 0.827377 0.000076
v 1.631086 0.756585 0.409649
v 1.943337 0.810809 0.332143
v 1.727607 0.778430 0.455684
v 1.727607 0.778430 0.697645
v 1.631086 0.756585 0.697645
v 1.696622 0.467024 0.725398
v -1.631086 0.756585 0.409649
v -1.856496 0.791154 0.277748
v -1.981871 0.515137 0.000076
v -1.916336 0.804699 0.000076
v 1.856496 0.791154 -0.277596
v 1.922030 0.501593 -0.277596
v 1.922032 0.501593 0.277748
v 1.793143 0.488869 0.725398
v 1.943337 0.810809 -0.331989
v 2.008873 0.521248 0.332143
v 1.793143 0.488869 0.455684
v 1.696622 0.467024 0.409649
v 1.981871 0.515136 0.000076
v 2.008873 0.521248 -0.331989
v 2.082076 0.537816 0.000076
v 1.727607 0.778430 -0.455531
v 1.631086 0.756585 -0.409496
v 1.631086 0.756585 -0.697491
v 1.727607 0.778430 -0.697491
v 1.696622 0.467024 -0.725245
v 1.793143 0.488869 -0.725245
v 1.696622 0.467024 -0.409496
v 1.793143 0.488869 -0.455531
v 1.306889 1.228124 -0.656864
v -2.008873 0.521248 -0.331989
v -1.793143 0.488869 -0.455531
v -1.696622 0.467024 -0.409496
v -1.922032 0.501593 -0.277596
v -1.793143 0.488869 -0.725245
v -1.696622 0.467024 -0.725245
v -1.727607 0.778430 -0.697491
v -1.631086 0.756585 -0.697491
v -1.943337 0.810809 -0.331989
v -1.631086 0.756585 -0.409496
v -1.856496 0.791154 -0.277596
v -2.016541 0.827377 0.000076
v -2.082076 0.537816 0.000076
v -1.727607 0.778430 -0.455531
v -2.008873 0.521248 0.332143
v -1.922032 0.501593 0.277748
v -1.696622 0.467024 0.409649
v -1.793143 0.488869 0.725399
v -1.943337 0.810809 0.332143
v -1.793143 0.488869 0.455684
v -1.727607 0.778430 0.697645
v -1.696622 0.467024 0.725399
v -1.727607 0.778430 0.455684
v -1.631086 0.756585 0.697645
v 1.750542 0.205903 0.000076
v -0.016290 0.205903 -1.191146
v 1.529429 1.219674 -0.928644
v 1.750541 -0.159099 -1.052058
v 1.750541 0.205903 -1.052058
v -0.016290 1.194511 -1.067733
v -1.783121 0.205903 -1.052058
v -1.339469 1.228124 -0.656864
v -1.340780 1.228074 0.000076
v -1.783121 0.205903 0.000076
v -1.562007 1.219674 -0.928644
v -1.783121 -0.159099 -1.052058
v -1.562007 1.219674 0.000076
v -1.562007 1.219674 0.928797
v -1.339469 1.228125 0.657019
v -0.016290 1.194511 0.928797
v -0.016290 0.205903 1.042089
v 1.750542 0.205903 1.042089
v -0.016290 -0.159100 1.042089
v 1.529429 1.219674 0.928797
v 1.529429 1.219674 0.000076
v 1.308202 1.228074 0.000076
v -1.783121 0.205903 1.042089
v -0.004043 1.033555 1.348323
v 0.077044 1.055027 1.348311
v 0.296619 0.704886 1.348515
v 0.260324 1.127611 1.227340
v -0.135942 0.580930 1.227657
v -0.135942 0.581015 1.348588
v -0.340818 0.944283 1.227445
v -0.304706 0.704800 1.227585
v -0.304706 0.704886 1.348515
v -0.268412 1.127611 1.227340
v -0.268412 1.127696 1.348269
v 0.077044 1.054941 1.227381
v 0.332731 0.944283 1.227445
v 0.296619 0.704800 1.227585
v -0.085131 1.054941 1.227381
v 0.127855 0.580930 1.227657
v -0.004043 0.557806 1.227671
v 0.332731 0.944369 1.348376
v 0.260324 1.127696 1.348269
v -0.340818 0.944369 1.348376
v -0.085131 1.055027 1.348311
v -0.130497 1.126046 1.348270
v -0.004043 1.033470 1.227394
v 0.127855 0.581015 1.348588
v -0.004043 0.557892 1.348600
v -0.130497 1.125960 1.227340
v 0.122410 1.126046 1.348270
v 0.122410 1.125960 1.227340
v -0.158510 1.347892 1.319937
v 0.166034 1.317905 1.322933
v -0.010705 1.407971 1.313964
v -0.114204 1.309871 1.276061
v -0.012953 1.350910 1.271964
v -0.201450 1.375326 1.269526
v -0.249784 1.071295 1.298803
v -0.158510 1.338467 1.225534
v -0.201462 1.061649 1.252796
v -0.153115 1.061275 1.299804
v -0.008524 1.454063 1.261666
v -0.010705 1.398541 1.219512
v 0.166034 1.308480 1.228526
v -0.201462 1.070935 1.345809
v 0.118509 1.284008 1.278643
v 0.185575 1.066065 1.252354
v 0.136939 1.070604 1.298872
v 0.212153 1.341276 1.272925
v 0.185575 1.075352 1.345369
v 0.234161 1.070786 1.298855
vt 0.505651 0.404522
vt 0.520607 0.363430
vt 0.464559 0.389566
vt 0.885333 0.819942
vt 0.885333 0.584808
vt 0.834733 0.584808
vt 0.825316 0.606161
vt 0.754811 0.606188
vt 0.743860 0.599823
vt 0.868175 0.423712
vt 0.913358 0.423712
vt 0.913358 0.396474
vt 0.280849 0.798793
vt 0.280853 0.982582
vt 0.313009 0.982582
vt 0.313009 0.803281
vt 0.357058 0.805468
vt 0.357058 0.982582
vt 0.455142 0.786566
vt 0.452444 0.801971
vt 0.405664 0.795310
vt 0.396862 0.809846
vt 0.355936 0.765975
vt 0.711758 0.371995
vt 0.645888 0.327262
vt 0.715601 0.315965
vt 0.537464 0.433114
vt 0.529424 0.428076
vt 0.582618 0.342241
vt 0.023976 0.748205
vt 0.233600 0.748205
vt 0.237698 0.769303
vt 0.014608 0.769357
vt 0.230371 0.707470
vt 0.025428 0.707470
vt 0.500222 0.408982
vt 0.456976 0.392154
vt 0.467589 0.366691
vt 0.329932 0.747900
vt 0.303226 0.747900
vt 0.289872 0.771028
vt 0.329932 0.794156
vt 0.343285 0.771028
vt 0.303226 0.794157
vt 0.359954 0.689182
vt 0.239009 0.689182
vt 0.239009 0.714810
vt 0.359954 0.714810
vt 0.239009 0.740439
vt 0.359954 0.740439
vt 0.359954 0.689475
vt 0.239009 0.689475
vt 0.239009 0.715103
vt 0.359954 0.715104
vt 0.239009 0.740732
vt 0.359954 0.740732
vt 0.359954 0.689362
vt 0.239009 0.689361
vt 0.239009 0.714990
vt 0.359954 0.714990
vt 0.239009 0.740618
vt 0.359954 0.740619
vt 0.595781 0.234213
vt 0.741060 0.221388
vt 0.743341 0.239520
vt 0.582139 0.244614
vt 0.589109 0.199317
vt 0.566708 0.204429
vt 0.588138 0.334977
vt 0.746540 0.311798
vt 0.460787 0.289952
vt 0.467577 0.360870
vt 0.743341 0.430645
vt 0.579253 0.430645
vt 0.518274 0.355918
vt 0.375503 0.762809
vt 0.414466 0.780775
vt 0.395070 0.759643
vt 0.391507 0.718710
vt 0.377732 0.706193
vt 0.449747 0.817376
vt 0.405281 0.731227
vt 0.441980 0.704833
vt 0.436937 0.689915
vt 0.447024 0.719751
vt 0.834733 0.465439
vt 0.834733 0.523277
vt 0.885333 0.523277
vt 0.989660 0.584808
vt 0.989660 0.819942
vt 0.885333 0.465439
vt 0.989660 0.523277
vt 0.989660 0.465439
vt 0.834733 0.819942
vt 0.016821 0.982582
vt 0.280848 0.769289
vt 0.735286 0.830726
vt 0.373666 0.830726
vt 0.373666 0.874246
vt 0.735286 0.874246
vt 0.987106 0.830726
vt 0.987106 0.874246
vt 0.987106 0.982994
vt 0.718228 0.194785
vt 0.561066 0.192769
vt 0.561066 0.010470
vt 0.716164 0.010470
vt 0.793263 0.223388
vt 0.992881 0.390314
vt 0.790593 0.390331
vt 0.793881 0.271139
vt 0.992881 0.265084
vt 0.881117 0.010470
vt 0.992881 0.010470
vt 0.735286 0.982994
vt 0.373666 0.982994
vt 0.825409 0.599791
vt 0.760234 0.811624
vt 0.768970 0.803849
vt 0.825461 0.811599
vt 0.825364 0.803827
vt 0.886873 0.010470
vt 0.736075 0.440914
vt 0.582152 0.437704
vt 0.582152 0.642112
vt 0.909086 0.430010
vt 0.833578 0.430010
vt 0.833578 0.460806
vt 0.909086 0.460806
vt 0.736062 0.641714
vt 0.460261 0.815394
vt 0.736062 0.814339
vt 0.460261 0.435933
vt 0.460261 0.640745
vt 0.465365 0.128921
vt 0.462561 0.203044
vt 0.479437 0.208550
vt 0.481610 0.123734
vt 0.459651 0.082030
vt 0.479169 0.079950
vt 0.477009 0.008390
vt 0.482928 0.020289
vt 0.533048 0.005566
vt 0.527053 0.018801
vt 0.528757 0.164641
vt 0.528640 0.206510
vt 0.480711 0.206244
vt 0.480828 0.164375
vt 0.520482 0.101347
vt 0.485230 0.102706
vt 0.549863 0.080100
vt 0.529014 0.207943
vt 0.528145 0.123000
vt 0.530515 0.078755
vt 0.544376 0.127727
vt 0.545825 0.202161
vt 0.017379 0.455218
vt 0.017378 0.017108
vt 0.088824 0.019662
vt 0.085773 0.452192
vt 0.089108 0.683670
vt 0.355092 0.683412
vt 0.358406 0.450577
vt 0.447818 0.450577
vt 0.442328 0.683412
vt 0.361744 0.021554
vt 0.453331 0.021554
vt 0.017379 0.684594
vt 0.992717 0.458736
vt 0.992717 0.430054
vt 0.956407 0.430054
vt 0.960136 0.396474
vt 0.868175 0.396474
vt 0.833529 0.423712
vt 0.833529 0.396474
vt 0.995449 0.396474
vt 0.995449 0.423712
vt 0.960136 0.423712
vt 0.763056 0.561801
vt 0.772822 0.578597
vt 0.810420 0.578987
vt 0.825661 0.537694
vt 0.745870 0.556723
vt 0.820984 0.486561
vt 0.773993 0.449697
vt 0.745869 0.444229
vt 0.956407 0.458736
vt 0.888421 0.430054
vt 0.888421 0.458736
vt 0.844128 0.458736
vt 0.844128 0.430054
vt 0.768211 0.340504
vt 0.767849 0.417026
vt 0.783838 0.409385
vt 0.768211 0.340761
vt 0.751091 0.426460
vt 0.827955 0.425981
vt 0.826788 0.446578
vt 0.826788 0.446704
vt 0.826788 0.466076
vt 0.767849 0.416848
vt 0.751444 0.341612
vt 0.785763 0.340494
vt 0.754447 0.537371
vt 0.740497 0.537441
vt 0.740967 0.523499
vt 0.754921 0.523425
vt 0.768211 0.340247
vn -0.000000 -0.090000 -0.995900
vn -0.000000 -0.090100 -0.995900
vn 0.000000 -0.702500 -0.711700
vn 0.198300 -0.723800 -0.660900
vn 0.059000 -0.142000 -0.988100
vn -0.000000 -0.702500 0.711700
vn -0.217100 -0.698800 0.681600
vn -0.059000 -0.142000 0.988100
vn 0.681500 -0.731800 0.000000
vn 0.443100 -0.410100 0.797200
vn 0.291600 -0.650900 0.700900
vn -0.000100 0.231800 0.972800
vn 0.000200 -0.789300 0.614000
vn 0.000200 -0.235700 0.971800
vn -0.000100 -0.235700 0.971800
vn -0.000300 -0.235700 0.971800
vn -0.000000 -0.234400 0.972100
vn 0.000000 -1.000000 0.000000
vn -0.000200 -0.235700 0.971800
vn -0.000200 -0.235600 0.971800
vn -0.141000 -0.990000 0.000000
vn 0.008100 0.056400 -0.998400
vn 0.067200 0.056900 -0.996100
vn 0.323900 0.946100 -0.000000
vn 0.008100 0.056500 -0.998400
vn 0.324000 0.946100 -0.000000
vn 0.952100 0.305900 -0.000000
vn 0.952000 0.305900 0.000000
vn 0.067200 0.056900 0.996100
vn -0.348000 0.664800 0.661000
vn -0.000000 0.709100 0.705100
vn 0.000100 0.709100 0.705100
vn 0.348000 0.664800 0.661000
vn -0.000000 -0.101100 0.994900
vn -0.000000 -0.101000 0.994900
vn 0.000000 0.720200 -0.693800
vn -0.336000 0.678300 -0.653500
vn 0.336000 0.678300 -0.653500
vn -0.000100 0.720200 -0.693800
vn -0.004900 -0.991900 -0.127300
vn -0.059000 -0.998100 -0.019100
vn 0.700300 -0.713400 -0.025300
vn 0.678400 -0.733600 -0.039300
vn 0.678400 -0.733700 -0.039300
vn -0.020100 -0.999200 -0.035500
vn -0.064200 -0.997900 -0.007300
vn -0.000200 -0.234500 0.972100
vn -0.000200 -0.234400 0.972100
vn -0.004900 -0.991900 0.127200
vn -0.058900 -0.998100 0.019100
vn 0.678400 -0.733700 0.039300
vn 0.678400 -0.733600 0.039400
vn 0.678400 -0.733600 0.039300
vn 0.700300 -0.713400 0.025300
vn -0.064300 -0.997900 0.007300
vn -0.020100 -0.999200 0.035400
vn -0.000200 -0.234400 -0.972100
vn -0.000200 -0.234500 -0.972100
vn -0.000000 0.000000 -1.000000
vn -0.000000 -0.000100 -1.000000
vn -0.000000 0.000100 -1.000000
vn 0.000000 0.000100 1.000000
vn -0.000000 -0.000000 1.000000
vn -0.000000 -0.000100 1.000000
vn -0.136400 -0.990700 -0.000000
vn 0.564700 -0.825300 0.000000
vn 0.946400 0.323000 -0.000000
vn 0.946400 0.323100 0.000000
vn 0.564800 -0.825200 -0.000000
vn -0.564700 0.825300 0.000000
vn -0.564800 0.825300 0.000000
vn -0.946400 -0.323100 -0.000000
vn -0.946400 -0.323000 0.000000
vn -0.136400 -0.990600 -0.000000
vn 0.136400 0.990700 -0.000000
vn 0.136500 0.990600 0.000000
vn 0.136400 0.990600 -0.000000
vn 0.004900 -0.991900 -0.127200
vn 0.058900 -0.998100 -0.019100
vn -0.678400 -0.733600 -0.039300
vn -0.678400 -0.733700 -0.039300
vn -0.700300 -0.713400 -0.025300
vn 0.075700 -0.997100 -0.000000
vn 0.020100 -0.999200 -0.035400
vn 0.000200 -0.234400 0.972100
vn 0.000200 -0.234500 0.972100
vn 0.045200 0.033000 0.998400
vn 0.000500 -0.009200 1.000000
vn 0.346900 0.026200 0.937500
vn 0.347000 0.026200 0.937500
vn 0.289600 0.652500 0.700200
vn -0.239900 0.095500 0.966100
vn 0.289600 0.652600 0.700100
vn -0.178800 0.686400 0.704900
vn -0.875100 0.098500 0.473900
vn -0.239900 0.095600 0.966100
vn -0.178700 0.686400 0.704900
vn -0.325000 0.656200 -0.681100
vn -0.875100 0.098500 0.473800
vn 0.274600 0.619500 -0.735400
vn 0.340400 0.085700 -0.936400
vn -0.338600 0.059500 -0.939100
vn -0.338500 0.059500 -0.939100
vn -0.325000 0.656100 -0.681100
vn -0.338600 0.059500 -0.939000
vn -1.000000 0.005200 0.008300
vn -0.875000 0.098500 0.474000
vn 0.289600 0.652600 0.700200
vn 0.274700 0.619500 -0.735400
vn -0.325000 0.656200 -0.681000
vn 0.340300 0.085700 -0.936400
vn 0.274600 0.619600 -0.735300
vn 0.004900 -0.991900 0.127300
vn -0.700300 -0.713400 0.025300
vn -0.678400 -0.733600 0.039300
vn 0.020100 -0.999200 0.035500
vn 0.000200 -0.234500 -0.972100
vn 0.000200 -0.234400 -0.972100
vn 0.059000 -0.998100 0.019100
vn -0.013000 -0.214200 -0.976700
vn -0.012900 -0.214100 -0.976700
vn 0.008400 -0.999400 0.033400
vn -0.707800 -0.705800 0.029100
vn -0.013000 -0.214100 -0.976700
vn -0.707800 -0.705900 0.029100
vn 0.058900 -0.998100 0.019100
vn 0.012000 -0.999600 0.024500
vn -0.698700 -0.713400 0.053500
vn -0.698600 -0.713500 0.053500
vn -0.707700 -0.705900 0.029100
vn 0.067200 0.057000 0.996100
vn 0.044700 -0.012800 0.998900
vn 0.952000 0.306000 -0.000000
vn 0.044800 -0.012800 0.998900
vn 0.067100 0.056900 0.996100
vn -0.499300 -0.866400 -0.000000
vn -0.984500 -0.175600 0.000000
vn 0.044700 -0.012900 0.998900
vn 0.044800 -0.012800 -0.998900
vn -0.499400 -0.866400 -0.000000
vn 0.013000 -0.214200 0.976700
vn 0.012900 -0.214100 0.976700
vn -0.008400 -0.999400 -0.033400
vn 0.698700 -0.713400 -0.053500
vn 0.698600 -0.713500 -0.053500
vn 0.707700 -0.705900 -0.029100
vn -0.012000 -0.999600 -0.024500
vn 0.013000 -0.214100 0.976700
vn 0.707800 -0.705800 -0.029100
vn -0.058900 -0.998100 -0.019100
vn 0.707800 -0.705900 -0.029200
vn 0.013000 -0.214100 -0.976700
vn 0.012900 -0.214200 -0.976700
vn -0.008400 -0.999400 0.033400
vn 0.012900 -0.214100 -0.976700
vn 0.698600 -0.713500 0.053500
vn 0.698700 -0.713400 0.053600
vn 0.707800 -0.705800 0.029100
vn 0.013000 -0.214200 -0.976700
vn -0.012000 -0.999600 0.024500
vn 0.082300 -0.018300 -0.996400
vn 0.480000 -0.877300 0.000000
vn 0.082200 -0.018300 -0.996400
vn 0.008000 0.056500 -0.998400
vn 0.141000 0.990000 -0.000000
vn 0.008000 0.056400 0.998400
vn 0.008000 0.056500 0.998400
vn 0.008100 0.056400 0.998400
vn 0.067100 0.056900 -0.996100
vn 0.044700 -0.012800 -0.998900
vn 0.067200 0.057000 -0.996100
vn 0.082300 -0.018400 0.996400
vn -0.799200 0.601000 0.000000
vn 0.082300 -0.018400 -0.996400
vn -0.799300 0.601000 -0.000000
vn -0.799200 0.601000 -0.000100
vn 0.024500 -0.098900 -0.994800
vn 0.265100 -0.964200 -0.000000
vn 0.024500 -0.098800 -0.994800
vn 0.082400 -0.018400 -0.996400
vn 0.480000 -0.877200 0.000000
vn 0.082300 -0.018300 0.996400
vn 0.024500 -0.098800 0.994800
vn 0.265100 -0.964200 -0.000100
vn 0.024500 -0.099000 0.994800
vn 0.082400 -0.018300 0.996400
vn -0.291700 0.956500 0.000000
vn -0.013000 -0.214100 0.976700
vn -0.012900 -0.214200 0.976700
vn -0.012900 -0.214100 0.976700
vn 0.008400 -0.999400 -0.033400
vn -0.698600 -0.713500 -0.053500
vn -0.698700 -0.713400 -0.053600
vn -0.707800 -0.705800 -0.029100
vn -0.013000 -0.214200 0.976700
vn -0.698700 -0.713500 -0.053500
vn 0.012000 -0.999600 -0.024500
vn 0.024400 -0.098800 -0.994800
vn -0.799200 0.601100 0.000000
vn 0.114000 -0.072100 0.990900
vn -0.145500 -0.195600 0.969800
vn -0.012600 -0.840700 0.541300
vn -0.217000 -0.698800 0.681600
vn -0.012700 -0.840700 0.541300
vn -0.145600 -0.195600 0.969800
vn -0.192400 -0.981300 -0.000000
vn 0.169500 -0.985500 -0.000000
vn 0.148700 -0.224600 -0.963000
vn 0.059000 -0.142100 -0.988100
vn 0.198300 -0.723800 0.660900
vn -0.015400 -0.840700 0.541300
vn -0.082700 -0.100800 0.991500
vn -0.415300 -0.354100 0.837900
vn -0.015400 -0.840600 0.541400
vn -0.014900 -0.999900 -0.000000
vn -0.415200 -0.354200 0.838000
vn -0.015400 -0.840700 -0.541300
vn -0.015300 -0.840700 -0.541300
vn 0.148800 -0.224600 -0.963000
vn -0.415200 -0.354100 0.838000
vn -0.736600 -0.676300 -0.000000
vn -0.415300 -0.354100 -0.837900
vn -0.082700 -0.100800 -0.991500
vn -0.058900 -0.142100 0.988100
vn 0.000000 -0.144200 0.989500
vn 0.000000 -0.702500 0.711600
vn 0.000000 -0.144300 0.989500
vn 0.058900 -0.142000 0.988100
vn 0.198400 -0.723700 0.660900
vn 0.058900 -0.142100 0.988100
vn 0.148700 -0.224600 0.963000
vn -0.045200 0.033000 -0.998400
vn -0.000500 -0.009200 -1.000000
vn -0.346900 0.026200 -0.937500
vn -0.347000 0.026200 -0.937500
vn -0.289700 0.652600 -0.700200
vn 0.239900 0.095500 -0.966100
vn -0.289600 0.652600 -0.700100
vn 0.178800 0.686400 -0.704900
vn 0.875100 0.098500 -0.473900
vn 0.240000 0.095500 -0.966100
vn 0.178700 0.686400 -0.704900
vn 0.325000 0.656100 0.681100
vn 0.875100 0.098500 -0.473800
vn -0.289600 0.652600 -0.700200
vn -0.274700 0.619500 0.735400
vn -0.274600 0.619500 0.735400
vn 0.325000 0.656200 0.681000
vn -0.340300 0.085700 0.936400
vn -0.274600 0.619600 0.735300
vn 0.338600 0.059500 0.939100
vn 0.338500 0.059500 0.939100
vn 0.325000 0.656200 0.681100
vn 0.338600 0.059500 0.939000
vn 1.000000 0.005200 -0.008300
vn 0.875000 0.098500 -0.473900
vn -0.000000 -0.999600 0.027600
vn -0.013200 -0.999300 0.034900
vn 0.000900 -1.000000 -0.002000
vn -0.026300 -0.997300 0.068100
vn -0.021400 -0.998400 0.052800
vn 0.000900 -1.000000 -0.002100
vn 0.000000 -1.000000 -0.001500
vn -0.000900 -1.000000 -0.002100
vn 0.000000 -1.000000 -0.001400
vn -0.000900 -1.000000 -0.002000
vn 0.013200 -0.999300 0.034900
vn 0.026300 -0.997300 0.068000
vn 0.021400 -0.998400 0.052800
vn -0.000200 -0.235700 -0.971800
vn 0.000000 -0.234400 -0.972200
vn 0.000000 -0.234400 -0.972100
vn 0.000200 -0.235700 -0.971800
vn 0.000200 -0.235600 -0.971800
vn -0.000100 -0.234400 -0.972100
vn 0.148800 -0.224600 0.963000
vn -0.015400 -0.840700 0.541400
vn -0.145500 -0.195500 0.969900
vn -0.059000 -0.142100 0.988100
vn -0.217100 -0.698800 0.681500
vn 0.054300 0.065600 -0.996400
vn 0.000200 0.117900 -0.993000
vn 0.000400 0.601100 -0.799200
vn 0.000200 0.118000 -0.993000
vn -0.054200 0.065700 -0.996400
vn -0.260300 0.602400 -0.754600
vn 0.000300 0.601200 -0.799100
vn -0.260300 0.602300 -0.754700
vn -0.082700 -0.100900 -0.991500
vn -0.260300 0.602300 -0.754600
vn -0.260200 0.602300 -0.754600
vn -0.415200 -0.354100 -0.838000
vn -0.736600 -0.676300 0.000100
vn -0.260300 0.602300 0.754700
vn -0.260200 0.602400 0.754600
vn -0.023600 0.750200 0.660800
vn -0.037600 0.069800 0.996900
vn -0.000000 0.071300 0.997500
vn 0.037600 0.069900 0.996800
vn 0.023600 0.750200 0.660800
vn 0.000000 0.553900 0.832600
vn 0.000000 0.071400 0.997400
vn -0.000000 0.071400 0.997500
vn 0.000000 0.553800 0.832600
vn -0.027500 0.942600 0.332900
vn -0.981100 0.145200 0.127900
vn -0.981900 0.153000 0.111900
vn -0.422100 0.826500 0.372500
vn -0.422200 0.826400 0.372500
vn -0.336100 0.859700 0.384700
vn -0.981100 0.145200 0.127800
vn -0.336000 0.859700 0.384800
vn 0.000300 0.931500 0.363700
vn 0.027200 0.943200 0.331100
vn 0.000100 0.553900 0.832600
vn 0.027300 0.943200 0.331100
vn 0.438600 0.836000 0.329900
vn 0.988200 0.152900 -0.000000
vn 0.989300 0.144500 0.017800
vn 0.989300 0.144500 0.017700
vn 0.335000 0.872800 0.355000
vn 0.438500 0.836000 0.329900
vn 0.438500 0.836000 0.329800
vn 0.335000 0.872800 0.354900
vn 0.000300 0.931500 0.363800
vn 0.334900 0.872800 0.355000
vn 0.000500 0.950600 0.310300
vn -0.325000 0.656200 0.681000
vn -0.875100 0.098500 -0.473900
vn -1.000000 0.005300 -0.008200
vn -0.325000 0.656100 0.681100
vn -0.178700 0.686400 -0.704900
vn -0.178800 0.686400 -0.704900
vn -0.239900 0.095500 -0.966100
vn -0.875100 0.098400 -0.473900
vn -0.239800 0.095500 -0.966100
vn -0.178800 0.686500 -0.704900
vn 0.289600 0.652600 -0.700100
vn 0.289600 0.652700 -0.700100
vn 0.045300 0.033000 -0.998400
vn 0.045200 0.033000 -0.998400
vn 0.289600 0.652600 -0.700200
vn 0.346900 0.026100 -0.937500
vn 0.346900 0.026200 -0.937500
vn 0.000600 -0.009100 -1.000000
vn -1.000000 0.005300 -0.008300
vn -0.338600 0.059500 0.939100
vn -0.324900 0.656200 0.681100
vn 0.274600 0.619500 0.735400
vn 0.289500 0.652600 -0.700200
vn 0.340300 0.085700 0.936400
vn -0.260300 0.602300 0.754600
vn -0.437200 0.899300 0.000000
vn -0.437300 0.899300 -0.000000
vn 0.000500 1.000000 -0.000000
vn 0.000300 0.601100 -0.799100
vn 0.265000 0.597900 -0.756500
vn 0.114000 -0.072000 -0.990900
vn 0.265100 0.597900 -0.756500
vn 0.409100 -0.422200 -0.808900
vn 0.685200 -0.728400 -0.000000
vn 0.409200 -0.422200 -0.808900
vn 0.446300 0.894900 0.000000
vn 0.265100 0.597900 0.756500
vn 0.685300 -0.728300 0.000000
vn 0.265000 0.597900 0.756500
vn 0.409100 -0.422200 0.808900
vn 0.114000 -0.072000 0.990900
vn 0.409100 -0.422300 0.808900
vn -0.437200 0.899400 -0.000000
vn 0.000400 0.601100 0.799100
vn 0.054300 0.065600 0.996400
vn 0.000300 0.601100 0.799200
vn 0.265100 0.597800 0.756500
vn 0.000300 0.601200 0.799100
vn 0.000200 0.118000 0.993000
vn 0.054300 0.065700 0.996400
vn -0.054200 0.065700 0.996400
vn 0.000400 0.601200 0.799100
vn 0.000400 0.601100 0.799200
vn -0.260300 0.602400 0.754600
vn -0.054100 0.065700 0.996400
vn -0.082600 -0.100700 0.991500
vn 0.317400 -0.948300 -0.000000
vn 0.291600 -0.650900 -0.701000
vn 0.443000 -0.410100 -0.797200
vn 0.443100 -0.410100 -0.797200
vn 0.291600 -0.650800 -0.701000
vn 0.120400 0.659100 -0.742400
vn 0.120400 0.659100 -0.742300
vn 0.346500 0.623900 -0.700400
vn 0.346600 0.623900 -0.700500
vn 0.120500 0.659100 -0.742400
vn 0.091400 0.995800 -0.000000
vn 0.461900 0.886900 0.000000
vn 0.346500 0.623900 -0.700500
vn 0.346500 0.623900 0.700500
vn 0.443100 -0.410100 0.797100
vn 0.346600 0.623900 0.700400
vn 0.120400 0.659200 0.742300
vn 0.291700 -0.650900 0.700900
vn 0.443000 -0.410200 0.797200
vn 0.120400 0.659100 0.742300
vn 0.681500 -0.731800 0.000100
vn 0.461800 0.887000 -0.000000
vn 0.346600 0.623800 -0.700500
vn -0.027300 -0.999600 0.000000
vn -0.012600 -0.840800 0.541300
vn -0.012600 -0.840700 -0.541300
vn 0.113900 -0.072000 -0.990900
vn -0.012600 -0.840800 -0.541300
vn 0.685200 -0.728300 -0.000000
vn 0.409200 -0.422200 0.808900
vn 0.409200 -0.422300 0.808900
vn -0.012700 -0.840700 -0.541300
vn -0.145500 -0.195600 -0.969800
vn -0.145500 -0.195500 -0.969800
vn -0.217100 -0.698800 -0.681600
vn -0.058900 -0.142000 -0.988100
vn -0.000000 -0.702500 -0.711600
vn -0.058900 -0.142100 -0.988100
vn 0.058900 -0.142100 -0.988100
vn -0.000000 -0.144200 -0.989500
vn 0.875100 0.098500 0.473900
vn 0.325000 0.656100 -0.681100
vn 0.178800 0.686400 0.704900
vn 0.239900 0.095500 0.966100
vn 0.875100 0.098400 0.473900
vn 0.239800 0.095500 0.966100
vn 0.178800 0.686500 0.704900
vn -0.289600 0.652600 0.700100
vn -0.289600 0.652700 0.700100
vn -0.045300 0.033000 0.998400
vn -0.045200 0.033000 0.998400
vn -0.289600 0.652600 0.700200
vn -0.346900 0.026100 0.937500
vn -0.346900 0.026200 0.937500
vn -0.000600 -0.009100 1.000000
vn -0.274600 0.619500 -0.735400
vn -0.289500 0.652600 0.700200
vn 0.325000 0.656200 -0.681000
vn 1.000000 0.005300 0.008300
vn 0.338600 0.059500 -0.939100
vn 0.324900 0.656200 -0.681100
vn -0.340300 0.085700 -0.936400
vn 0.001000 -1.000000 0.002100
vn -0.013200 -0.999300 -0.034900
vn -0.000000 -0.999600 -0.027600
vn -0.026300 -0.997300 -0.068100
vn -0.026300 -0.997300 -0.068000
vn -0.021400 -0.998400 -0.052800
vn 0.000900 -1.000000 0.002100
vn -0.000000 -1.000000 0.001400
vn -0.000900 -1.000000 0.002100
vn -0.000000 -1.000000 0.001500
vn 0.013200 -0.999300 -0.034900
vn -0.000900 -1.000000 0.002000
vn 0.026300 -0.997300 -0.068100
vn 0.021400 -0.998400 -0.052800
vn 0.989300 0.144600 -0.017800
vn 0.988300 0.152800 -0.000000
vn 0.461100 0.800000 -0.383900
vn 0.461200 0.800000 -0.383900
vn 0.338400 0.878000 -0.338600
vn 0.989300 0.144500 -0.017700
vn -0.000800 0.932100 -0.362200
vn 0.338500 0.878000 -0.338600
vn 0.461100 0.800000 -0.384000
vn 0.000500 0.950100 -0.312000
vn 0.338500 0.878000 -0.338500
vn -0.335500 0.859400 -0.385800
vn -0.000800 0.932100 -0.362100
vn -0.000000 0.071300 -0.997500
vn -0.037600 0.069900 -0.996800
vn -0.023600 0.750200 -0.660800
vn -0.000100 0.554800 -0.832000
vn -0.027000 0.943000 -0.331800
vn 0.000000 0.554900 -0.831900
vn -0.000000 0.071400 -0.997400
vn 0.000000 0.071400 -0.997500
vn 0.000000 0.554800 -0.832000
vn 0.023600 0.750200 -0.660800
vn 0.037600 0.069800 -0.996900
vn 0.008600 0.849100 -0.528100
vn -0.000900 0.932100 -0.362100
vn -0.027000 0.942900 -0.331800
vn -0.422200 0.826400 -0.372500
vn -0.335600 0.859400 -0.385700
vn -0.981100 0.145200 -0.127900
vn -0.422200 0.826400 -0.372600
vn -0.422100 0.826400 -0.372500
vn -0.981900 0.152900 -0.111900
vn -0.981100 0.145100 -0.127900
vn -0.000000 -0.144300 -0.989500
vn 0.000600 0.017500 -0.999800
vn 0.000600 0.017600 -0.999800
vn 0.019000 0.030700 0.999300
vn 0.000600 0.017500 0.999800
vn 0.000600 0.017600 0.999800
vn -0.000600 0.017500 0.999800
vn -0.000600 0.017600 0.999800
vn 0.067300 0.985400 0.156400
vn 0.067300 0.985400 0.156300
vn 0.087400 0.988400 0.124500
vn 0.935100 0.006900 0.354400
vn 0.957600 0.043200 -0.284800
vn 0.087400 0.988400 -0.124500
vn 0.087500 0.988400 -0.124500
vn 0.935100 0.006800 0.354400
vn 0.087400 0.988400 -0.124400
vn 0.957600 0.043200 0.284800
vn 0.018900 0.030700 -0.999300
vn -0.000600 0.017500 -0.999800
vn -0.000600 0.017600 -0.999800
vn -0.019000 0.030700 -0.999300
vn -0.082300 0.987700 -0.132600
vn -0.087400 0.988400 -0.124500
vn -0.087400 0.988400 0.124400
vn -0.087400 0.988400 0.124500
vn -0.082300 0.987700 0.132600
vn -0.998500 0.034900 -0.041900
vn -0.082300 0.987800 0.132600
vn -0.082400 0.987700 -0.132600
vn -0.998500 0.034900 0.041800
vn -0.998500 0.034900 -0.041800
vn -0.998500 0.035000 -0.041800
vn 0.018900 0.030600 0.999400
vn -0.018900 0.030700 0.999300
vn 0.119100 0.530400 0.839300
vn -0.000000 0.442900 0.896600
vn 0.000000 0.825300 -0.564700
vn -0.119100 0.530400 0.839300
vn -0.119200 0.530400 0.839300
vn 0.205500 0.825000 -0.526400
vn 0.205600 0.825000 -0.526300
vn -0.233200 0.568400 0.789000
vn -0.233100 0.568400 0.789000
vn 0.137500 0.976100 -0.168200
vn 0.205600 0.825100 -0.526300
vn 0.137400 0.976100 -0.168100
vn 0.453500 0.720300 0.524900
vn 0.265000 0.828400 -0.493400
vn 0.137400 0.976100 -0.168200
vn 0.265000 0.828400 -0.493500
vn 0.453500 0.720200 0.524900
vn 0.290100 -0.773400 -0.563600
vn 0.290000 -0.773500 -0.563600
vn 0.289900 -0.366200 -0.884200
vn -0.119100 0.530400 -0.839300
vn -0.233200 0.568400 -0.789000
vn -0.207300 -0.958700 0.194600
vn -0.207200 -0.958700 0.194700
vn -0.180500 -0.967000 -0.179600
vn 0.000000 0.442900 -0.896600
vn -0.119200 0.530400 -0.839300
vn -0.180500 -0.967000 -0.179700
vn 0.000000 -0.893200 -0.449700
vn 0.000000 -0.893200 -0.449800
vn 0.180400 -0.967000 -0.179600
vn 0.207400 -0.958700 0.194700
vn 0.233200 0.568400 -0.789000
vn 0.119100 0.530400 -0.839300
vn 0.119100 0.530500 -0.839300
vn 0.207300 -0.958700 0.194700
vn 0.180400 -0.967100 -0.179600
vn 0.119000 0.530500 -0.839300
vn 0.233200 0.568400 0.789000
vn 0.207300 -0.958700 -0.194600
vn 0.207200 -0.958700 -0.194700
vn 0.180500 -0.967000 0.179700
vn 0.119200 0.530400 0.839300
vn 0.180500 -0.967000 0.179600
vn -0.000000 -0.893200 0.449700
vn -0.000000 -0.893100 0.449800
vn -0.180400 -0.967000 0.179600
vn -0.207400 -0.958700 -0.194700
vn -0.119100 0.530500 0.839300
vn -0.207300 -0.958700 -0.194700
vn -0.180400 -0.967100 0.179600
vn -0.119000 0.530500 0.839300
vn 0.289800 -0.366200 -0.884300
vn 0.290000 -0.773400 -0.563700
vn 0.233100 0.568400 0.789000
vn -0.205500 0.825100 -0.526300
vn -0.205600 0.825000 -0.526400
vn -0.205600 0.825100 -0.526300
vn 0.000000 0.825300 -0.564800
vn -0.000000 -0.344300 -0.938900
vn 0.000100 -0.344300 -0.938900
vn 0.205600 0.825000 -0.526400
vn 0.181100 -0.389400 -0.903100
vn 0.181100 -0.389500 -0.903100
vn 0.137500 0.976100 -0.168100
vn 0.098500 -0.548900 -0.830100
vn 0.098400 -0.548900 -0.830100
vn 0.098400 -0.548800 -0.830100
vn -0.180500 -0.967000 0.179600
vn -0.180500 -0.967000 0.179700
vn 0.181200 -0.389400 -0.903100
vn -0.000000 -0.893200 0.449800
vn -0.181200 -0.389400 -0.903100
vn -0.000000 -0.344300 -0.938800
vn -0.181100 -0.389500 -0.903000
vn -0.137400 0.976100 -0.168100
vn -0.181100 -0.389400 -0.903100
vn -0.205500 0.825000 -0.526400
vn -0.137500 0.976100 -0.168100
vn -0.453500 0.720300 0.524900
vn -0.137500 0.976100 -0.168200
vn -0.098500 -0.548800 -0.830100
vn -0.265000 0.828400 -0.493500
vn -0.098400 -0.548900 -0.830100
vn -0.098400 -0.548800 -0.830100
vn -0.289800 -0.366200 -0.884200
vn -0.265000 0.828400 -0.493400
vn -0.453500 0.720200 0.524900
vn -0.453500 0.720200 0.525000
vn -0.290100 -0.773400 -0.563700
vn -0.290000 -0.773400 -0.563700
vn -0.289800 -0.366200 -0.884300
vn 0.207300 -0.958700 -0.194700
vn -0.098500 -0.548900 -0.830100
vn -0.181200 -0.389500 -0.903000
vn -0.016300 0.998800 0.047000
vn -0.000000 1.000000 0.000000
vn -0.418900 0.908000 0.000000
vn -0.016300 0.998800 -0.047000
vn -0.250400 0.641300 -0.725300
vn -0.000000 0.635000 -0.772500
vn -0.250500 0.641300 -0.725300
vn -0.000000 0.033800 -0.999400
vn 0.273800 0.649800 -0.709100
vn 0.273800 0.649700 -0.709100
vn 0.343600 0.050200 -0.937800
vn -0.181200 -0.389400 0.903100
vn 0.180500 -0.967000 -0.179700
vn -0.181100 -0.389400 0.903100
vn -0.098400 -0.548800 0.830100
vn -0.098500 -0.548900 0.830100
vn 0.180500 -0.967000 -0.179600
vn -0.289900 -0.366200 0.884200
vn -0.289800 -0.366200 0.884300
vn -0.290000 -0.773400 0.563700
vn -0.265000 0.828400 0.493500
vn -0.290000 -0.773500 0.563600
vn -0.453500 0.720200 -0.524900
vn -0.290100 -0.773400 0.563600
vn -0.453500 0.720300 -0.524900
vn -0.265000 0.828400 0.493400
vn -0.137400 0.976100 0.168200
vn -0.098400 -0.548900 0.830100
vn -0.137500 0.976100 0.168100
vn -0.205600 0.825000 0.526300
vn 0.119200 0.530400 -0.839300
vn -0.205500 0.825000 0.526400
vn -0.000000 0.825300 0.564700
vn -0.000100 -0.344300 0.938900
vn -0.205600 0.825000 0.526400
vn 0.205600 0.825100 0.526300
vn -0.000000 0.825300 0.564800
vn 0.000000 -0.344300 0.938900
vn 0.000000 -0.344300 0.938800
vn 0.181100 -0.389500 0.903000
vn 0.205600 0.825000 0.526400
vn -0.137400 0.976100 0.168100
vn 0.233100 0.568400 -0.789000
vn -0.137500 0.976100 0.168200
vn -0.205600 0.825100 0.526300
vn -0.181100 -0.389500 0.903100
vn -0.000000 -0.893100 -0.449800
vn 0.181000 -0.389400 0.903100
vn 0.181100 -0.389400 0.903100
vn 0.098500 -0.548800 0.830100
vn -0.207300 -0.958700 0.194700
vn 0.098400 -0.548800 0.830100
vn 0.289800 -0.366200 0.884300
vn 0.098500 -0.548900 0.830100
vn 0.137400 0.976100 0.168100
vn 0.289800 -0.366200 0.884200
vn 0.265000 0.828400 0.493500
vn 0.137500 0.976100 0.168100
vn 0.098400 -0.548900 0.830100
vn 0.290000 -0.773400 0.563700
vn 0.265000 0.828400 0.493400
vn 0.453500 0.720200 -0.525000
vn 0.290100 -0.773400 0.563700
vn 0.453500 0.720200 -0.524900
vn 0.453500 0.720300 -0.524900
vn 0.137500 0.976100 0.168200
vn 0.205500 0.825000 0.526400
vn -0.233100 0.568400 -0.789000
vn 0.205500 0.825100 0.526300
vn 0.346700 0.000000 -0.938000
vn -0.319100 -0.000000 -0.947700
vn -0.316500 0.048800 -0.947300
vn -0.998100 0.062100 0.000100
vn -0.419000 0.908000 -0.000000
vn -0.250400 0.641200 -0.725300
vn -0.316500 0.048900 -0.947300
vn -0.250300 0.641200 -0.725400
vn -0.319100 -0.000100 -0.947700
vn -0.319000 0.000000 -0.947700
vn -1.000000 0.000000 -0.000000
vn -0.998100 0.062100 -0.000000
vn -0.316600 0.048900 0.947300
vn -0.998100 0.062200 -0.000000
vn -0.316500 0.048900 0.947300
vn -0.250400 0.641300 0.725300
vn -0.250500 0.641200 0.725300
vn -0.000000 0.635000 0.772500
vn -0.000000 0.992600 0.121400
vn 0.018100 0.999000 0.039800
vn 0.000100 0.635000 0.772500
vn -0.319100 0.000000 0.947700
vn 0.000000 0.033800 0.999400
vn -0.316500 0.048800 0.947300
vn -0.319000 0.000000 0.947800
vn -0.250400 0.641200 0.725400
vn 0.273800 0.649700 0.709100
vn 0.273800 0.649800 0.709100
vn 0.346700 0.000000 0.938000
vn 0.346700 -0.000100 0.938000
vn 0.343600 0.050200 0.937800
vn 0.000000 0.033700 0.999400
vn 0.400600 0.916200 -0.000000
vn 0.400600 0.916300 -0.000000
vn 1.000000 0.000100 -0.000000
vn 1.000000 -0.000000 -0.000000
vn 0.998400 0.057200 -0.000000
vn 0.343500 0.050200 -0.937800
vn 0.346800 0.000000 -0.938000
vn -0.000000 0.033700 -0.999400
vn 0.346700 0.000100 -0.938000
vn 0.018100 0.999000 -0.039800
vn 0.000000 0.992600 -0.121400
vn 0.000100 0.635000 -0.772500
vn 0.998400 0.057100 0.000000
vn -0.000300 1.000000 0.000000
vn -0.000200 0.945700 0.325000
vn 0.000200 -0.789300 -0.614100
vn 0.000300 -0.979800 -0.199900
vn 0.000200 -0.789300 -0.614000
vn -0.000000 0.231700 -0.972800
vn 0.000000 0.231800 -0.972800
vn 0.000200 -0.789200 -0.614100
vn -0.000100 0.231700 -0.972800
vn -0.000100 0.633000 -0.774100
vn -0.000200 0.633100 -0.774100
vn -0.000100 0.231800 -0.972800
vn 0.000300 -1.000000 0.000000
vn 0.000300 -0.979800 -0.199800
vn 0.000300 -0.979800 0.199800
vn 0.000200 -0.789200 0.614100
vn 0.000300 -0.979800 0.199900
vn 0.000300 -0.789300 0.614000
vn 0.000200 -0.789300 0.614100
vn -0.000200 0.633100 0.774100
vn -0.000100 0.231700 0.972800
vn -0.000200 0.633000 0.774100
vn -1.000000 -0.001700 -0.000000
vn -1.000000 -0.001800 0.000000
vn -1.000000 -0.001600 0.000000
vn 1.000000 0.001700 0.000000
vn 1.000000 0.001600 0.000000
vn 1.000000 0.001800 -0.000000
vn -0.000300 0.945700 -0.325100
vn -0.000200 0.797700 -0.603000
vn -0.000300 0.945700 -0.325000
vn -0.000200 0.797700 0.603000
vn -0.000200 0.797700 0.603100
vn -0.000200 0.945700 0.325100
vn -0.000300 1.000000 -0.005800
vn 0.000200 -0.979800 -0.199800
vn -0.000300 1.000000 0.005800
vn 0.995000 0.093700 -0.035600
vn 0.960600 0.219100 -0.170700
vn 0.057600 -0.565800 0.822500
vn 0.994800 0.099500 0.023600
vn 0.958900 0.230100 0.166100
vn -0.060100 0.613500 0.787400
vn 0.057500 -0.565800 0.822600
vn 0.099300 -0.994100 0.042900
vn -0.996100 0.087700 -0.007600
vn 0.057700 -0.565800 0.822500
vn 0.960700 0.219100 -0.170700
vn 0.959100 0.282800 -0.008200
vn 0.099400 -0.994100 0.042900
vn -0.054000 0.546400 -0.835800
vn -0.054000 0.546500 -0.835700
vn -0.099300 0.994100 -0.042700
vn -0.099200 0.994200 -0.042600
vn -0.985100 0.027300 -0.169800
vn -0.985900 0.040800 0.162500
vn -0.060100 0.613400 0.787500
vn -0.985900 0.040700 0.162500
vn -0.996100 0.087700 -0.007700
vn 0.063700 -0.623800 -0.779000
vn -0.985900 0.040800 0.162600
vn 0.959200 0.282800 -0.008200
vn 0.958900 0.230200 0.166000
vn 0.063800 -0.623800 -0.778900
vn 0.958900 0.230100 0.166000
vn -0.015600 0.153000 0.988100
vn 0.994800 0.099500 0.023500
vn -0.015500 0.153000 0.988100
vn -0.995300 -0.094100 0.021100
vn -0.015600 0.153100 0.988100
vn 0.013200 -0.153700 -0.988000
vn -0.995300 -0.094100 0.021200
vn 0.013100 -0.153800 -0.988000
vn -0.099300 0.994100 -0.042600
vn -0.985100 0.027300 -0.169700
vn -0.996100 0.087600 -0.007600
vn -0.985100 0.027200 -0.169800
vn 0.098800 -0.989700 0.103500
vn 0.098800 -0.989700 0.103700
vn 0.013100 -0.153700 -0.988000
vn 0.005500 -0.084700 0.996400
vn 0.057700 -0.565800 0.822600
vn 0.005600 -0.084700 0.996400
vn 0.995000 0.093600 -0.035600
vn -0.995000 -0.093600 -0.035400
vn 0.005500 -0.084600 0.996400
vn -0.054100 0.546400 -0.835700
vn -0.010400 0.078400 -0.996900
vn -0.995000 -0.093500 -0.035400
vn -0.010400 0.078300 -0.996900
vn 0.960700 0.219000 -0.170700
usemtl World_Expansion05_doodads_ironhorde_6ih_ironhorde_chest01.m2_Ge
s 1
f 8/1/1 9/2/1 10/3/2
f 95/4/3 96/5/4 97/6/5
f 122/4/6 123/5/7 124/6/8
f 167/7/9 168/8/10 169/9/11
f 297/10/12 298/11/13 299/12/13
f 186/13/14 1/14/14 2/15/15
f 2/15/16 3/16/17 24/17/18
f 24/17/18 189/18/18 2/15/19
f 2/15/15 189/18/18 44/17/18
f 4/13/17 3/16/17 2/15/20
f 44/17/18 5/16/17 2/15/19
f 2/15/20 5/16/17 186/13/17
f 2/15/20 1/14/19 4/13/20
f 79/19/21 6/20/22 80/21/23
f 76/22/24 80/21/23 6/20/25
f 80/21/23 76/22/26 63/23/27
f 63/23/28 76/22/24 7/21/29
f 10/24/30 11/25/31 8/26/32
f 11/25/31 9/24/33 8/26/31
f 14/2/34 12/1/35 13/3/34
f 15/25/36 13/24/37 12/26/36
f 14/24/38 15/25/36 12/26/39
f 16/2/34 17/1/35 19/3/34
f 18/25/36 19/24/37 17/26/36
f 16/24/38 18/25/36 17/26/39
f 20/1/1 23/2/1 21/3/2
f 21/24/30 22/25/31 20/26/32
f 22/25/31 23/24/33 20/26/31
f 183/27/40 24/28/40 25/29/40
f 179/27/41 25/29/41 69/28/41
f 98/30/42 26/31/42 68/32/42
f 68/32/43 97/33/44 98/30/43
f 69/34/45 26/31/45 98/30/45
f 98/30/46 27/35/46 69/34/46
f 3/36/47 4/37/47 67/38/48
f 114/28/49 112/27/49 28/29/49
f 28/29/50 111/27/50 73/28/50
f 30/30/51 29/33/52 118/32/53
f 118/32/54 72/31/54 30/30/54
f 73/34/55 31/35/55 30/30/55
f 30/30/56 72/31/56 73/34/56
f 117/38/57 116/37/57 70/36/58
f 32/39/59 39/40/59 38/41/60
f 32/39/59 33/42/60 36/43/59
f 32/39/59 38/41/61 33/42/59
f 38/41/60 43/44/59 33/42/60
f 41/43/62 42/42/62 37/44/63
f 41/43/62 40/40/62 34/39/63
f 41/43/64 37/44/63 40/40/63
f 37/44/63 35/41/63 40/40/62
f 40/45/65 39/46/65 32/47/66
f 32/47/66 34/48/66 40/45/65
f 34/48/66 32/47/66 36/49/67
f 36/49/68 41/50/68 34/48/69
f 37/51/70 43/52/71 38/53/72
f 38/53/73 35/54/72 37/51/70
f 35/54/73 38/53/73 39/55/74
f 39/55/65 40/56/65 35/54/72
f 41/57/67 36/58/68 33/59/75
f 33/59/76 42/60/77 41/57/67
f 42/60/75 33/59/75 43/61/70
f 43/61/70 37/62/70 42/60/75
f 44/28/78 51/27/78 50/29/78
f 50/29/79 54/27/79 91/28/79
f 45/30/80 175/33/81 89/32/80
f 89/32/82 90/31/82 45/30/82
f 91/34/83 148/35/83 45/30/83
f 45/30/84 90/31/84 91/34/84
f 184/38/85 186/37/85 5/36/86
f 46/63/87 91/64/88 54/65/89
f 54/65/90 47/66/91 46/63/87
f 48/67/92 46/63/87 47/66/93
f 47/66/93 49/68/94 48/67/92
f 190/63/95 48/67/96 49/68/97
f 49/68/97 53/66/98 190/63/99
f 52/69/100 50/70/101 51/65/102
f 51/65/103 53/66/104 52/69/100
f 53/66/98 51/65/105 44/64/106
f 44/64/106 190/63/107 53/66/104
f 49/71/94 47/72/108 52/69/109
f 52/69/100 53/66/110 49/71/94
f 54/73/89 50/70/111 52/69/112
f 52/69/100 47/74/108 54/73/89
f 144/27/113 141/28/113 59/29/113
f 55/30/114 62/31/114 115/32/114
f 115/32/115 124/33/115 55/30/115
f 56/34/116 62/31/116 55/30/116
f 55/30/83 134/35/83 56/34/83
f 58/36/117 57/37/117 61/38/118
f 140/27/119 59/29/119 56/28/119
f 61/38/120 60/75/120 58/36/120
f 141/28/18 58/36/18 60/75/121
f 60/75/121 59/29/122 141/28/122
f 62/36/123 60/75/124 61/38/125
f 60/75/124 62/36/123 56/28/126
f 56/28/119 59/29/127 60/75/120
f 61/38/128 115/37/129 62/36/130
f 7/21/131 64/76/132 63/23/133
f 64/76/134 7/21/135 65/77/136
f 65/77/136 74/78/137 64/76/138
f 81/76/139 74/78/137 65/77/140
f 67/38/141 66/75/141 3/36/141
f 24/28/18 3/36/18 66/75/142
f 66/75/142 25/29/143 24/28/143
f 67/38/144 68/37/145 26/36/146
f 69/28/41 25/29/147 66/75/141
f 66/75/148 26/36/149 69/28/150
f 26/36/149 66/75/141 67/38/151
f 70/36/152 71/75/153 117/38/152
f 114/28/154 28/29/154 71/75/155
f 71/75/152 70/36/18 114/28/18
f 72/36/156 118/37/157 117/38/156
f 117/38/158 71/75/159 72/36/157
f 73/28/50 72/36/157 71/75/152
f 71/75/155 28/29/160 73/28/50
f 74/78/137 81/76/139 75/79/161
f 82/80/162 75/79/163 81/76/139
f 6/20/164 77/81/165 76/22/24
f 76/22/24 77/81/165 78/20/166
f 78/20/167 7/21/29 76/22/24
f 7/21/135 78/20/168 79/19/21
f 79/19/21 65/77/136 7/21/29
f 80/21/169 65/77/136 79/19/21
f 65/77/140 80/21/23 81/76/139
f 63/23/27 81/76/170 80/21/171
f 81/76/139 63/23/27 82/80/162
f 82/80/162 63/23/27 64/76/132
f 64/76/132 83/79/172 82/80/162
f 83/79/172 64/76/132 74/78/137
f 74/78/137 84/82/173 83/79/172
f 75/79/174 84/82/175 74/78/137
f 84/82/176 75/79/161 85/83/177
f 86/84/178 85/83/179 75/79/174
f 75/79/180 82/80/162 86/84/178
f 86/84/178 82/80/181 83/79/182
f 83/79/172 87/83/183 86/84/184
f 87/83/185 83/79/186 84/82/175
f 84/82/173 92/85/187 87/83/183
f 5/36/188 88/75/189 184/38/190
f 44/28/191 50/29/191 88/75/190
f 88/75/188 5/36/18 44/28/18
f 90/36/192 89/37/193 184/38/192
f 184/38/194 88/75/195 90/36/193
f 91/28/79 90/36/196 88/75/188
f 88/75/190 50/29/197 91/28/79
f 85/83/198 92/85/187 84/82/199
f 134/86/200 55/87/201 173/88/202
f 123/5/203 173/88/204 55/87/205
f 173/88/202 123/5/7 93/89/206
f 93/89/206 123/5/7 122/4/6
f 122/4/6 94/90/18 93/89/206
f 99/89/207 94/90/18 122/4/6
f 95/4/3 94/90/18 99/89/207
f 99/89/207 96/5/4 95/4/3
f 98/87/208 97/6/209 96/5/4
f 122/4/6 106/5/210 99/89/207
f 99/89/207 106/5/210 102/88/211
f 31/86/212 101/91/213 102/88/214
f 100/92/215 102/88/211 101/91/216
f 102/88/211 100/92/215 99/89/207
f 99/89/207 100/92/215 103/88/217
f 103/88/218 96/5/4 99/89/207
f 96/5/4 103/88/217 98/87/219
f 101/91/220 104/93/221 100/92/215
f 100/92/215 104/93/221 105/91/222
f 105/91/222 103/88/217 100/92/215
f 103/88/217 105/91/222 27/86/223
f 27/86/223 98/87/219 103/88/217
f 124/6/224 119/94/225 122/4/6
f 122/4/226 119/94/227 29/6/228
f 29/6/228 106/5/210 122/4/226
f 106/5/229 29/6/230 30/87/231
f 131/63/232 73/64/233 111/65/234
f 111/65/235 110/66/236 131/63/232
f 107/67/237 131/63/232 110/66/238
f 110/66/238 109/68/239 107/67/237
f 130/63/240 107/67/241 109/68/242
f 109/68/242 113/66/243 130/63/244
f 109/71/239 110/72/245 108/69/246
f 108/69/247 113/66/248 109/71/239
f 108/69/247 110/74/245 111/73/234
f 111/73/234 28/70/249 108/69/250
f 108/69/247 28/70/249 112/65/251
f 112/65/252 113/66/243 108/69/247
f 113/66/253 112/65/254 114/64/255
f 114/64/255 130/63/256 113/66/243
f 119/95/257 61/96/258 57/13/259
f 119/95/257 115/32/260 61/96/258
f 119/95/257 124/33/261 115/32/260
f 119/95/257 57/13/262 120/14/263
f 116/13/264 119/95/257 120/14/265
f 116/13/266 117/96/267 119/95/257
f 117/96/267 118/32/268 119/95/257
f 118/32/268 29/33/269 119/95/257
f 116/13/270 120/14/270 121/15/271
f 121/15/272 120/14/273 57/13/274
f 121/15/271 70/16/272 116/13/272
f 114/17/18 70/16/272 121/15/272
f 121/15/272 128/18/18 114/17/18
f 141/17/18 128/18/18 121/15/272
f 57/13/272 58/16/272 121/15/271
f 121/15/275 58/16/272 141/17/18
f 30/87/276 102/88/211 106/5/210
f 102/88/277 30/87/276 31/86/212
f 55/87/278 124/6/279 123/5/280
f 188/97/281 125/98/282 127/99/283
f 127/99/283 125/98/284 126/97/285
f 126/97/285 147/100/286 127/99/287
f 147/100/288 126/97/285 27/101/289
f 27/101/223 105/102/222 147/100/290
f 147/100/291 105/102/292 104/103/293
f 145/100/294 101/102/213 31/101/212
f 104/103/221 101/102/220 145/100/295
f 130/104/296 114/105/297 128/106/298
f 128/106/298 141/105/299 129/104/300
f 129/104/300 133/107/301 128/106/302
f 128/106/303 133/107/304 130/104/296
f 107/108/305 130/104/296 133/107/301
f 31/109/306 73/110/307 131/111/308
f 131/111/309 158/112/310 31/109/311
f 158/112/312 131/111/309 107/108/305
f 107/108/305 132/113/313 158/112/310
f 133/107/301 132/113/313 107/108/305
f 136/108/314 132/113/313 133/107/301
f 133/107/315 129/104/300 136/108/316
f 139/111/317 56/110/318 134/109/319
f 134/109/320 135/112/321 139/111/322
f 136/108/316 139/111/323 135/112/324
f 135/112/321 132/113/325 136/108/316
f 135/112/326 157/114/327 132/113/313
f 132/113/313 157/114/327 158/112/312
f 142/66/328 129/63/329 141/64/330
f 129/63/329 142/66/331 137/68/332
f 137/68/333 136/67/334 129/63/335
f 136/67/336 137/68/337 138/66/338
f 138/66/339 139/63/340 136/67/336
f 139/63/341 138/66/342 140/65/343
f 140/65/344 56/64/345 139/63/341
f 141/64/346 144/65/347 142/66/348
f 143/69/349 142/66/331 144/65/347
f 137/71/333 142/66/331 143/69/349
f 143/69/349 138/72/350 137/71/333
f 140/73/344 138/74/342 143/69/349
f 143/69/349 59/70/351 140/73/344
f 144/65/347 59/70/351 143/69/349
f 145/100/352 146/115/353 104/103/221
f 104/103/221 146/115/354 147/100/290
f 147/100/290 146/115/353 154/116/355
f 154/116/355 127/99/356 147/100/290
f 149/100/357 127/99/356 154/116/355
f 127/99/287 149/100/357 188/97/281
f 148/101/358 188/97/281 149/100/357
f 149/100/359 150/102/360 148/101/358
f 152/103/361 150/102/362 149/100/357
f 149/100/357 151/115/363 152/103/361
f 154/116/355 151/115/363 149/100/357
f 156/100/364 151/115/363 154/116/355
f 152/103/365 151/115/363 156/100/366
f 156/100/366 153/102/367 152/103/361
f 134/101/368 153/102/369 156/100/366
f 154/116/355 146/115/370 145/100/352
f 145/100/352 155/99/371 154/116/355
f 154/116/355 155/99/371 156/100/366
f 135/97/372 156/100/366 155/99/373
f 156/100/374 135/97/372 134/101/200
f 155/99/375 157/98/376 135/97/377
f 158/97/378 157/98/376 155/99/379
f 155/99/380 145/100/381 158/97/382
f 31/101/383 158/97/382 145/100/352
f 167/7/9 159/117/384 161/9/385
f 161/9/385 160/8/386 167/7/9
f 160/8/387 161/9/388 162/118/389
f 162/118/390 163/119/391 160/8/387
f 163/119/392 162/118/393 164/120/394
f 164/120/394 170/121/395 163/119/396
f 165/119/397 170/121/395 164/120/394
f 170/121/395 165/119/397 168/8/10
f 168/8/398 165/119/399 166/118/400
f 166/118/400 169/9/401 168/8/402
f 164/120/394 166/118/403 165/119/397
f 168/8/10 167/7/404 170/121/405
f 170/121/405 167/7/404 160/8/387
f 160/8/387 163/119/406 170/121/395
f 169/9/401 159/117/384 167/7/9
f 93/89/206 172/92/407 173/88/408
f 171/88/409 172/92/407 93/89/206
f 172/92/407 171/88/409 150/91/360
f 148/86/410 150/91/360 171/88/411
f 150/91/360 152/93/412 172/92/407
f 172/92/407 152/93/412 153/91/413
f 153/91/413 173/88/202 172/92/407
f 173/88/408 153/91/414 134/86/368
f 171/88/415 45/87/416 148/86/358
f 45/87/417 171/88/409 174/5/418
f 93/89/206 174/5/418 171/88/411
f 95/4/3 174/5/418 93/89/206
f 93/89/206 94/90/18 95/4/3
f 175/6/419 174/5/418 95/4/420
f 174/5/418 175/6/421 45/87/417
f 97/6/422 185/94/423 95/4/3
f 182/63/424 181/66/425 176/68/426
f 176/68/426 177/67/427 182/63/428
f 177/67/429 176/68/430 180/66/431
f 180/66/432 192/63/433 177/67/429
f 192/63/434 180/66/435 179/65/436
f 179/65/437 69/64/438 192/63/434
f 176/71/426 181/66/425 178/69/439
f 178/69/439 180/72/440 176/71/426
f 179/73/437 180/74/440 178/69/439
f 181/66/441 182/63/424 24/64/442
f 24/64/442 183/65/443 181/66/444
f 178/69/439 181/66/425 183/65/443
f 183/65/443 25/70/445 178/69/439
f 178/69/439 25/70/445 179/73/437
f 186/13/446 184/96/447 185/95/448
f 184/96/447 89/32/449 185/95/448
f 89/32/450 175/33/451 185/95/448
f 186/13/452 185/95/448 1/14/453
f 185/95/448 4/13/454 1/14/455
f 185/95/448 67/96/456 4/13/457
f 185/95/448 68/32/458 67/96/456
f 185/95/448 97/33/459 68/32/458
f 148/109/460 91/110/461 46/111/462
f 46/111/463 188/112/464 148/109/465
f 187/122/466 188/112/467 46/111/468
f 187/122/466 125/114/469 188/112/470
f 126/112/471 125/114/469 187/122/472
f 189/106/473 24/105/474 182/104/475
f 191/107/476 182/104/475 177/108/477
f 182/104/475 191/107/478 189/106/479
f 189/106/480 191/107/481 190/104/482
f 190/104/482 44/105/483 189/106/473
f 46/111/462 48/108/484 187/122/485
f 48/108/484 190/104/482 191/107/478
f 191/107/478 187/122/466 48/108/484
f 177/108/486 187/122/466 191/107/478
f 126/112/471 187/122/466 177/108/477
f 177/108/486 192/111/487 126/112/488
f 27/109/489 126/112/471 192/111/490
f 192/111/491 69/110/492 27/109/493
f 95/4/420 185/94/494 175/6/419
f 275/123/495 276/124/496 205/125/495
f 193/126/18 195/127/18 194/128/18
f 271/128/18 195/127/18 193/126/18
f 193/126/18 196/129/18 271/128/18
f 279/128/18 196/129/18 193/126/18
f 193/126/18 197/127/18 279/128/18
f 198/128/18 197/127/18 193/126/18
f 193/126/18 286/129/18 198/128/18
f 194/128/18 286/129/18 193/126/18
f 200/125/497 289/124/498 243/123/499
f 199/123/500 289/124/501 200/125/497
f 243/123/497 203/130/502 200/125/497
f 208/131/503 200/132/504 203/130/503
f 204/133/505 275/123/506 201/130/507
f 201/130/508 202/134/503 204/133/509
f 201/130/510 205/132/507 208/131/503
f 208/131/503 202/134/503 201/130/507
f 203/130/503 202/134/503 208/131/502
f 204/133/505 202/134/502 203/130/502
f 203/130/502 243/123/511 204/133/509
f 205/125/495 201/130/510 275/123/512
f 205/125/495 276/124/513 282/123/514
f 282/123/515 206/130/516 205/125/495
f 208/131/502 205/132/517 206/130/516
f 207/130/518 200/132/519 208/131/503
f 208/131/502 210/134/520 207/130/518
f 206/130/516 210/134/520 208/131/502
f 209/133/521 210/134/522 206/130/523
f 206/130/516 282/123/524 209/133/525
f 209/133/526 199/123/525 207/130/518
f 207/130/519 210/134/520 209/133/525
f 200/125/527 207/130/518 199/123/528
f 224/135/529 211/136/530 213/137/531
f 213/137/531 211/136/530 212/135/532
f 212/135/533 215/138/534 213/137/531
f 215/138/535 212/135/532 214/139/536
f 214/139/537 216/140/538 215/138/539
f 216/140/540 214/139/536 218/141/541
f 218/141/541 217/142/542 216/140/543
f 217/142/544 218/141/545 219/143/546
f 217/142/544 219/143/547 227/144/548
f 221/145/549 220/146/550 260/147/551
f 260/147/552 259/148/553 221/145/549
f 223/149/554 221/145/555 259/148/556
f 259/148/553 222/150/557 223/149/554
f 223/149/554 222/150/558 247/148/559
f 246/147/560 253/146/561 254/145/562
f 254/145/563 247/148/559 246/147/564
f 247/148/565 254/145/566 223/149/554
f 224/145/529 236/146/567 241/147/568
f 241/147/569 225/148/570 224/145/529
f 211/149/530 224/145/571 225/148/572
f 225/148/572 232/150/573 211/149/530
f 211/149/530 232/150/574 226/148/575
f 231/147/576 214/146/536 212/145/532
f 212/145/577 226/148/575 231/147/578
f 226/148/579 212/145/580 211/149/530
f 227/144/581 219/143/582 231/151/578
f 236/139/583 224/135/529 228/138/584
f 213/137/531 228/138/585 224/135/529
f 228/138/586 213/137/587 234/152/588
f 234/152/589 213/137/531 215/138/590
f 215/138/534 229/153/591 234/152/589
f 229/153/592 215/138/539 216/140/593
f 216/140/593 230/154/594 229/153/591
f 230/154/595 216/140/593 217/142/542
f 217/142/544 227/144/548 230/154/596
f 231/151/578 230/154/594 227/144/548
f 230/154/594 231/151/578 226/155/597
f 226/155/598 229/153/591 230/154/596
f 229/153/599 226/155/598 232/156/600
f 232/156/574 234/152/588 229/153/591
f 233/153/601 234/152/589 232/156/600
f 234/152/602 233/153/603 228/138/585
f 235/140/604 228/138/585 233/153/605
f 228/138/606 235/140/607 236/139/567
f 237/141/608 236/139/567 235/140/609
f 233/153/605 242/154/610 235/140/604
f 238/142/611 235/140/607 242/154/612
f 242/154/613 240/144/614 238/142/611
f 235/140/607 238/142/615 237/141/616
f 237/141/617 238/142/615 239/143/618
f 239/143/619 238/142/615 240/144/620
f 241/151/621 239/143/619 240/144/614
f 240/144/620 242/154/622 241/151/621
f 225/155/572 241/151/621 242/154/613
f 242/154/610 233/153/623 225/155/572
f 232/156/574 225/155/570 233/153/605
f 275/157/624 204/158/625 273/159/626
f 273/159/626 204/158/625 243/157/627
f 243/157/627 270/160/628 273/159/626
f 288/161/629 270/160/630 243/157/627
f 270/160/628 288/161/629 268/162/631
f 268/162/631 288/161/629 287/160/632
f 287/160/633 285/163/634 268/162/631
f 244/153/635 247/155/636 222/156/557
f 247/155/636 244/153/637 245/154/638
f 245/154/639 246/151/564 247/155/640
f 246/151/564 245/154/639 248/144/641
f 248/144/642 249/143/643 246/151/564
f 250/142/644 249/143/645 248/144/641
f 250/142/644 251/141/646 249/143/647
f 251/141/648 250/142/649 257/140/650
f 250/142/644 248/144/641 245/154/638
f 245/154/651 257/140/652 250/142/649
f 257/140/652 245/154/639 244/153/637
f 252/138/653 254/135/562 253/139/561
f 254/135/654 252/138/655 255/137/656
f 256/152/657 255/137/656 252/138/658
f 262/138/659 255/137/660 256/152/661
f 256/152/662 258/153/663 262/138/664
f 257/140/665 253/139/561 251/141/648
f 253/139/666 257/140/667 252/138/668
f 244/153/669 252/138/668 257/140/652
f 252/138/655 244/153/637 256/152/657
f 222/156/670 256/152/661 244/153/637
f 258/153/671 256/152/661 222/156/558
f 222/156/670 259/155/556 258/153/672
f 263/154/673 258/153/671 259/155/553
f 259/155/556 260/151/674 263/154/675
f 261/144/676 263/154/677 260/151/674
f 266/140/678 262/138/664 258/153/672
f 258/153/672 263/154/673 266/140/678
f 263/154/675 261/144/679 264/142/680
f 264/142/680 266/140/681 263/154/682
f 260/151/674 265/143/683 261/144/679
f 265/143/683 264/142/684 261/144/676
f 267/141/685 264/142/684 265/143/686
f 266/140/681 264/142/684 267/141/687
f 267/141/688 220/139/550 266/140/689
f 262/138/690 266/140/681 220/139/550
f 220/139/691 221/135/549 262/138/692
f 255/137/656 262/138/664 221/135/549
f 221/135/549 223/136/554 255/137/656
f 255/137/656 223/136/554 254/135/562
f 194/164/693 195/165/59 268/162/631
f 268/162/631 195/165/59 271/164/694
f 272/163/695 269/166/696 273/159/626
f 273/159/697 270/160/698 272/163/695
f 268/162/631 272/163/699 270/160/700
f 271/164/701 272/163/699 268/162/631
f 272/163/699 271/164/702 196/167/703
f 196/167/703 269/166/704 272/163/699
f 274/163/705 269/166/706 196/167/703
f 273/159/626 269/166/706 274/163/705
f 274/163/707 278/160/708 273/159/697
f 273/159/626 278/160/708 275/157/624
f 275/157/624 278/160/709 280/161/710
f 280/161/710 276/168/711 275/157/624
f 282/157/712 276/168/711 280/161/713
f 196/167/703 279/164/714 274/163/705
f 277/162/715 274/163/716 279/164/717
f 278/160/708 274/163/707 277/162/715
f 277/162/715 280/161/710 278/160/718
f 279/164/717 197/165/63 277/162/715
f 280/161/710 281/160/719 282/157/712
f 281/160/720 280/161/710 277/162/715
f 277/162/715 197/165/63 198/164/721
f 198/164/722 290/163/723 277/162/724
f 277/162/715 290/163/723 281/160/720
f 283/159/725 281/160/719 290/163/723
f 282/157/712 281/160/719 283/159/726
f 283/159/726 209/158/625 282/157/712
f 290/163/723 198/164/721 286/167/727
f 286/167/728 284/166/729 290/163/723
f 285/163/730 284/166/729 286/167/728
f 286/167/728 194/164/731 285/163/730
f 268/162/732 285/163/634 194/164/733
f 199/157/734 209/158/625 283/159/726
f 283/159/726 287/160/633 199/157/734
f 199/157/734 287/160/633 288/161/629
f 288/161/629 289/168/735 199/157/734
f 243/157/627 289/168/735 288/161/736
f 290/163/723 284/166/729 283/159/726
f 283/159/726 284/166/737 285/163/634
f 285/163/730 287/160/632 283/159/726
f 313/169/738 291/170/738 292/171/739
f 304/11/740 293/12/740 314/172/741
f 293/12/742 304/11/742 303/10/743
f 303/10/744 308/173/744 293/12/745
f 308/173/746 303/10/746 294/174/747
f 294/174/748 309/175/748 308/173/749
f 315/176/750 307/177/750 306/178/751
f 295/178/752 307/177/750 315/176/750
f 315/176/750 296/172/752 295/178/752
f 298/11/753 295/178/754 296/172/752
f 296/172/752 299/12/755 298/11/756
f 299/12/753 310/173/12 297/10/12
f 300/174/757 297/10/12 310/173/758
f 310/173/12 301/175/757 300/174/759
f 302/179/760 318/180/760 294/181/760
f 302/179/760 294/181/760 303/182/760
f 302/179/760 303/182/760 313/183/760
f 303/182/760 304/184/760 313/183/760
f 295/185/761 298/184/762 313/183/760
f 298/184/762 297/182/760 313/183/760
f 297/182/760 305/179/760 313/183/760
f 297/182/761 300/181/762 305/179/760
f 300/181/760 316/180/760 305/179/760
f 304/184/760 306/185/760 313/183/761
f 306/185/760 307/186/760 313/183/762
f 307/186/760 295/185/762 313/183/760
f 293/184/763 308/182/763 291/183/763
f 308/182/763 292/179/763 291/183/763
f 308/182/764 309/181/763 292/179/763
f 309/181/765 317/180/763 292/179/763
f 291/183/764 299/184/763 296/185/763
f 291/183/764 310/182/763 299/184/763
f 291/183/763 311/179/764 310/182/763
f 311/179/764 301/181/763 310/182/764
f 311/179/764 312/180/763 301/181/765
f 293/184/764 291/183/763 314/185/764
f 291/183/764 315/186/764 314/185/764
f 315/186/763 291/183/763 296/185/763
f 311/171/766 291/170/738 313/169/738
f 313/169/738 305/187/766 311/171/766
f 312/188/767 311/171/768 305/187/768
f 305/187/768 316/189/767 312/188/767
f 317/188/769 318/189/770 302/187/739
f 302/187/739 292/171/739 317/188/769
f 292/171/771 302/187/771 313/169/738
f 316/189/772 300/190/772 301/191/772
f 314/172/773 306/178/741 304/11/742
f 306/178/751 314/172/751 315/176/750
f 301/191/772 312/188/772 316/189/772
f 318/189/774 317/188/774 309/191/774
f 309/191/774 294/190/774 318/189/774
f 337/192/775 320/193/776 333/194/777
f 332/195/778 319/193/779 324/196/780
f 333/194/781 323/197/782 330/198/783
f 323/197/782 333/194/784 320/193/776
f 320/193/785 321/199/786 323/197/787
f 321/199/786 320/193/785 336/196/788
f 336/196/789 329/200/790 321/199/786
f 329/200/791 336/196/789 331/201/792
f 330/198/783 326/201/793 324/196/794
f 326/201/795 330/198/796 323/197/782
f 323/197/782 322/194/797 326/201/798
f 322/194/797 323/197/782 321/199/799
f 321/199/786 319/193/800 322/194/801
f 319/193/802 321/199/786 329/200/790
f 324/196/794 325/202/803 332/195/804
f 325/202/805 324/196/794 326/201/793
f 326/201/793 327/192/806 325/202/807
f 327/192/806 326/201/793 322/194/797
f 322/194/797 328/203/808 327/192/809
f 328/203/810 322/194/797 319/193/802
f 329/200/811 324/196/794 319/193/800
f 324/196/794 329/200/791 330/198/783
f 331/201/812 330/198/783 329/200/791
f 330/198/813 331/201/814 333/194/784
f 332/204/815 325/205/815 327/206/815
f 327/206/816 328/207/816 332/204/816
f 319/193/800 332/195/778 328/203/817
f 335/203/818 333/194/819 331/201/814
f 333/194/777 335/203/820 337/192/821
f 331/201/814 334/208/822 335/203/823
f 334/208/822 331/201/814 336/196/824
f 336/196/789 338/202/825 334/208/826
f 338/202/827 336/196/789 320/193/785
f 320/193/828 337/192/775 338/202/825
